1.18184E+12,0.037393755,6,0,0.622452853,6.1126746,5.120189194,0.309558759,-0.061979938,1.768403674,2,10,4.5,,1.5,10 180 10,1 2,HMFVModelWithParams
1.18184E+12,0.037393755,6,1,0.564882922,5.027893425,7.746044165,0.372577656,-0.75630867,2.683861264,2,10,4.5,,1.5,10 180 10,1 2,HMFVModelWithParams
1.18184E+12,0.037393755,6,2,0.577079555,4.798707,8.364491613,-0.123492174,0.546745026,-0.222140408,2,10,4.5,,1.5,10 180 10,1 2,HMFVModelWithParams
1.18184E+12,0.037393755,6,3,0.635816419,5.905935058,7.689731843,0.237117065,-0.396906545,2.60307765,2,10,4.5,,1.5,10 180 10,1 2,HMFVModelWithParams
1.18184E+12,0.037393755,6,4,0.630620322,5.3959667,6.047757626,-0.151474411,-0.272978886,-2.634999637,2,10,4.5,,1.5,10 180 10,1 2,HMFVModelWithParams
1.18184E+12,0.037393755,6,5,0.584630459,3.637823967,7.373180958,0.146747066,-0.099008119,2.164329911,2,10,4.5,,1.5,10 180 10,1 2,HMFVModelWithParams
1.18184E+12,0.037393755,6,6,0.719897416,5.786519973,8.507217305,-0.263137873,0.177933623,-0.976223271,2,10,4.5,,1.5,10 180 10,1 2,HMFVModelWithParams
1.18184E+12,0.037393755,6,7,0.650703475,8.102980077,8.2692665,0.113010791,-0.165718193,2.543086789,2,10,4.5,,1.5,10 180 10,1 2,HMFVModelWithParams
1.18184E+12,0.037393755,6,8,0.648692933,6.602105362,8.490530552,0.482793539,-0.178742494,1.925374604,2,10,4.5,,1.5,10 180 10,1 2,HMFVModelWithParams
1.18184E+12,0.037393755,6,9,0.493810822,5.327430942,5.167313291,0.09599808,-0.05433118,2.085811108,2,10,4.5,,1.5,10 180 10,1 2,HMFVModelWithParams
1.18184E+12,0.073316841,12,0,0.622452853,6.128766732,5.117298366,0.52375781,-0.083383068,1.728672996,2,10,4.5,,1.5,10 180 10,1 2,HMFVModelWithParams
1.18184E+12,0.073316841,12,1,0.564882922,5.045712986,7.709225621,0.554696365,-1.14397093,2.690108567,2,10,4.5,,1.5,10 180 10,1 2,HMFVModelWithParams
1.18184E+12,0.073316841,12,2,0.577079555,4.793692653,8.3890692,-0.138912464,0.721642437,-0.19016878,2,10,4.5,,1.5,10 180 10,1 2,HMFVModelWithParams
1.18184E+12,0.073316841,12,3,0.635816419,5.91906037,7.669007895,0.421208496,-0.653336194,2.568949429,2,10,4.5,,1.5,10 180 10,1 2,HMFVModelWithParams
1.18184E+12,0.073316841,12,4,0.630620322,5.38938309,6.034020992,-0.189508724,-0.4227055,-2.720133949,2,10,4.5,,1.5,10 180 10,1 2,HMFVModelWithParams
1.18184E+12,0.073316841,12,5,0.584630459,3.64626108,7.368499883,0.275973947,-0.144094086,2.051990252,2,10,4.5,,1.5,10 180 10,1 2,HMFVModelWithParams
1.18184E+12,0.073316841,12,6,0.719897416,5.774492485,8.515579269,-0.360240398,0.246736487,-0.97026183,2,10,4.5,,1.5,10 180 10,1 2,HMFVModelWithParams
1.18184E+12,0.073316841,12,7,0.650703475,8.108488329,8.260410148,0.182312043,-0.282469548,2.568442489,2,10,4.5,,1.5,10 180 10,1 2,HMFVModelWithParams
1.18184E+12,0.073316841,12,8,0.648692933,6.62637631,8.481009688,0.789560283,-0.318520122,1.954242828,2,10,4.5,,1.5,10 180 10,1 2,HMFVModelWithParams
1.18184E+12,0.073316841,12,9,0.493810822,5.332568587,5.164303914,0.153208322,-0.1113583,2.199311076,2,10,4.5,,1.5,10 180 10,1 2,HMFVModelWithParams
1.18184E+12,0.110240911,18,0,0.622452853,6.152257572,5.114036917,0.701748823,-0.083392958,1.689077528,2,10,4.5,,1.5,10 180 10,1 2,HMFVModelWithParams
1.18184E+12,0.110240911,18,1,0.564882922,5.069153689,7.664251772,0.669561286,-1.242141729,2.647204694,2,10,4.5,,1.5,10 180 10,1 2,HMFVModelWithParams
1.18184E+12,0.110240911,18,2,0.577079555,4.790352647,8.414849921,-0.06078612,0.670284921,-0.0904396,2,10,4.5,,1.5,10 180 10,1 2,HMFVModelWithParams
1.18184E+12,0.110240911,18,3,0.635816419,5.939166158,7.640449715,0.585123066,-0.836943759,2.531458384,2,10,4.5,,1.5,10 180 10,1 2,HMFVModelWithParams
1.18184E+12,0.110240911,18,4,0.630620322,5.383653327,6.016644762,-0.12821656,-0.495167949,-2.888221951,2,10,4.5,,1.5,10 180 10,1 2,HMFVModelWithParams
1.18184E+12,0.110240911,18,5,0.584630459,3.659933627,7.361810644,0.412012677,-0.208695226,2.039651274,2,10,4.5,,1.5,10 180 10,1 2,HMFVModelWithParams
1.18184E+12,0.110240911,18,6,0.719897416,5.761504199,8.524741661,-0.334474896,0.242908782,-0.942676353,2,10,4.5,,1.5,10 180 10,1 2,HMFVModelWithParams
1.18184E+12,0.110240911,18,7,0.650703475,8.116843893,8.246610298,0.243045408,-0.419743363,2.616732482,2,10,4.5,,1.5,10 180 10,1 2,HMFVModelWithParams
1.18184E+12,0.110240911,18,8,0.648692933,6.659569823,8.466918139,0.9534428,-0.417218868,1.983283921,2,10,4.5,,1.5,10 180 10,1 2,HMFVModelWithParams
1.18184E+12,0.110240911,18,9,0.493810822,5.340275266,5.160033945,0.258003135,-0.141120309,2.071311265,2,10,4.5,,1.5,10 180 10,1 2,HMFVModelWithParams
1.18184E+12,0.146880221,24,0,0.622452853,6.180534763,5.1107094,0.811841893,-0.082745058,1.672368205,2,10,4.5,,1.5,10 180 10,1 2,HMFVModelWithParams
1.18184E+12,0.146880221,24,1,0.564882922,5.093950051,7.61874725,0.683932704,-1.242762753,2.638494218,2,10,4.5,,1.5,10 180 10,1 2,HMFVModelWithParams
1.18184E+12,0.146880221,24,2,0.577079555,4.79009744,8.436445588,0.033228807,0.519532162,0.063872094,2,10,4.5,,1.5,10 180 10,1 2,HMFVModelWithParams
1.18184E+12,0.146880221,24,3,0.635816419,5.963515531,7.608598317,0.724820327,-0.896891152,2.461903441,2,10,4.5,,1.5,10 180 10,1 2,HMFVModelWithParams
1.18184E+12,0.146880221,24,4,0.630620322,5.381315737,5.998370721,-0.008395051,-0.494341754,-3.124612004,2,10,4.5,,1.5,10 180 10,1 2,HMFVModelWithParams
1.18184E+12,0.146880221,24,5,0.584630459,3.676733378,7.353542245,0.500951217,-0.236420925,2.011748297,2,10,4.5,,1.5,10 180 10,1 2,HMFVModelWithParams
1.18184E+12,0.146880221,24,6,0.719897416,5.751193881,8.532508588,-0.234955942,0.172691548,-0.936967494,2,10,4.5,,1.5,10 180 10,1 2,HMFVModelWithParams
1.18184E+12,0.146880221,24,7,0.650703475,8.12633023,8.229042794,0.266279084,-0.510714185,2.660983204,2,10,4.5,,1.5,10 180 10,1 2,HMFVModelWithParams
1.18184E+12,0.146880221,24,8,0.648692933,6.696139018,8.450016078,1.036184684,-0.50064878,2.020885934,2,10,4.5,,1.5,10 180 10,1 2,HMFVModelWithParams
1.18184E+12,0.146880221,24,9,0.493810822,5.351700765,5.154104393,0.360110725,-0.190721624,2.05785772,2,10,4.5,,1.5,10 180 10,1 2,HMFVModelWithParams
1.18184E+12,0.181943324,30,0,0.622452853,6.212159966,5.106906025,0.937465005,-0.125561122,1.7039408,2,10,4.5,,1.5,10 180 10,1 2,HMFVModelWithParams
1.18184E+12,0.181943324,30,1,0.564882922,5.119138569,7.576902808,0.729585767,-1.175463983,2.586106636,2,10,4.5,,1.5,10 180 10,1 2,HMFVModelWithParams
1.18184E+12,0.181943324,30,2,0.577079555,4.793920129,8.45194243,0.151666547,0.40603465,0.357482197,2,10,4.5,,1.5,10 180 10,1 2,HMFVModelWithParams
1.18184E+12,0.181943324,30,3,0.635816419,5.991049175,7.575855706,0.821765494,-0.948696005,2.427765494,2,10,4.5,,1.5,10 180 10,1 2,HMFVModelWithParams
1.18184E+12,0.181943324,30,4,0.630620322,5.384047484,5.981589255,0.130516756,-0.465890357,2.868449693,2,10,4.5,,1.5,10 180 10,1 2,HMFVModelWithParams
1.18184E+12,0.181943324,30,5,0.584630459,3.696141735,7.343718706,0.590371893,-0.305788698,2.048708047,2,10,4.5,,1.5,10 180 10,1 2,HMFVModelWithParams
1.18184E+12,0.181943324,30,6,0.719897416,5.745408837,8.536849502,-0.11859141,0.090497436,-0.918962038,2,10,4.5,,1.5,10 180 10,1 2,HMFVModelWithParams
1.18184E+12,0.181943324,30,7,0.650703475,8.1370737,8.209384927,0.32491272,-0.585915651,2.635271755,2,10,4.5,,1.5,10 180 10,1 2,HMFVModelWithParams
1.18184E+12,0.181943324,30,8,0.648692933,6.733463321,8.431194518,1.068822627,-0.572548467,2.062579998,2,10,4.5,,1.5,10 180 10,1 2,HMFVModelWithParams
1.18184E+12,0.181943324,30,9,0.493810822,5.365813452,5.146453512,0.434362325,-0.23830103,2.072581492,2,10,4.5,,1.5,10 180 10,1 2,HMFVModelWithParams
1.18184E+12,0.218599821,35,0,0.622452853,6.248373837,5.101943299,1.0235076,-0.138907767,1.705689524,2,10,4.5,,1.5,10 180 10,1 2,HMFVModelWithParams
1.18184E+12,0.218599821,35,1,0.564882922,5.146024265,7.535002859,0.723769206,-1.129085746,2.571554517,2,10,4.5,,1.5,10 180 10,1 2,HMFVModelWithParams
1.18184E+12,0.218599821,35,2,0.577079555,4.800798709,8.464599801,0.22064896,0.294650717,0.642764203,2,10,4.5,,1.5,10 180 10,1 2,HMFVModelWithParams
1.18184E+12,0.218599821,35,3,0.635816419,6.022639599,7.540924227,0.894360363,-0.954790772,2.388862945,2,10,4.5,,1.5,10 180 10,1 2,HMFVModelWithParams
1.18184E+12,0.218599821,35,4,0.630620322,5.391515302,5.964829144,0.25687255,-0.43775223,2.610936359,2,10,4.5,,1.5,10 180 10,1 2,HMFVModelWithParams
1.18184E+12,0.218599821,35,5,0.584630459,3.718762337,7.331705129,0.640262828,-0.341567542,2.060867989,2,10,4.5,,1.5,10 180 10,1 2,HMFVModelWithParams
1.18184E+12,0.218599821,35,6,0.719897416,5.743503896,8.538622228,-0.007610424,0.018629362,-0.387827605,2,10,4.5,,1.5,10 180 10,1 2,HMFVModelWithParams
1.18184E+12,0.218599821,35,7,0.650703475,8.149317979,8.186505673,0.349852229,-0.650805981,2.648344527,2,10,4.5,,1.5,10 180 10,1 2,HMFVModelWithParams
1.18184E+12,0.218599821,35,8,0.648692933,6.77306073,8.40917698,1.094777797,-0.61699195,2.084003799,2,10,4.5,,1.5,10 180 10,1 2,HMFVModelWithParams
1.18184E+12,0.218599821,35,9,0.493810822,5.383059383,5.136562263,0.513564213,-0.294567592,2.09155902,2,10,4.5,,1.5,10 180 10,1 2,HMFVModelWithParams
1.18184E+12,0.218599821,35,10,0.526086817,7.406975312,7.577559681,0.485592974,-0.61885116,2.476270388,2,10,4.5,,1.5,10 180 10,1 2,HMFVModelWithParams
1.18184E+12,0.218599821,35,11,0.456349544,6.108575997,6.478840719,1.211740398,0.03146264,1.544837324,2,10,4.5,,1.5,10 180 10,1 2,HMFVModelWithParams
1.18184E+12,0.218599821,35,12,0.683412284,11.96192893,8.708102297,0.123789062,-0.363761343,2.813582604,2,10,4.5,,1.5,10 180 10,1 2,HMFVModelWithParams
1.18184E+12,0.218599821,35,13,0.611887113,9.33725653,7.219646604,0.224685995,-0.705667767,2.833339988,2,10,4.5,,1.5,10 180 10,1 2,HMFVModelWithParams
1.18184E+12,0.218599821,35,14,0.480829349,11.53467102,6.235349666,-0.538985355,-0.529089428,-2.346929555,2,10,4.5,,1.5,10 180 10,1 2,HMFVModelWithParams
1.18184E+12,0.218599821,35,15,0.729026741,10.13821117,8.729340932,-0.018274451,-0.735430505,-3.116749121,2,10,4.5,,1.5,10 180 10,1 2,HMFVModelWithParams
1.18184E+12,0.218599821,35,16,0.68562258,13.21095215,8.914570338,-0.415445509,-0.635348469,-2.562490428,2,10,4.5,,1.5,10 180 10,1 2,HMFVModelWithParams
1.18184E+12,0.218599821,35,17,0.548604126,13.14197045,7.716666103,-0.534184673,-0.610068662,-2.422414997,2,10,4.5,,1.5,10 180 10,1 2,HMFVModelWithParams
1.18184E+12,0.218599821,35,18,0.74472032,12.79843139,5.178161,-0.738891171,-0.094055333,-1.697407949,2,10,4.5,,1.5,10 180 10,1 2,HMFVModelWithParams
1.18184E+12,0.218599821,35,19,0.567330496,13.43403618,6.284638691,-0.647048255,-0.385714607,-2.10835367,2,10,4.5,,1.5,10 180 10,1 2,HMFVModelWithParams
1.18184E+12,0.218599821,35,20,0.658644169,11.12253209,8.140697741,-0.713073059,-1.053972121,-2.546773567,2,10,4.5,,1.5,10 180 10,1 2,HMFVModelWithParams
1.18184E+12,0.218599821,35,21,0.515727092,2.093739732,10.46742059,0.580415159,-0.460349228,2.241338999,2,10,4.5,,1.5,10 180 10,1 2,HMFVModelWithParams
1.18184E+12,0.218599821,35,22,0.570470372,4.839620167,12.86281804,0.418960824,-0.573951877,2.511042228,2,10,4.5,,1.5,10 180 10,1 2,HMFVModelWithParams
1.18184E+12,0.218599821,35,23,0.430453958,3.223631442,9.90425483,0.606145359,-0.465389984,2.225583704,2,10,4.5,,1.5,10 180 10,1 2,HMFVModelWithParams
1.18184E+12,0.218599821,35,24,0.524688654,4.276707153,12.14467237,0.399094993,-0.688645313,2.616355868,2,10,4.5,,1.5,10 180 10,1 2,HMFVModelWithParams
1.18184E+12,0.218599821,35,25,0.605036315,7.394780383,9.61578389,0.599994973,-0.913514342,2.560452914,2,10,4.5,,1.5,10 180 10,1 2,HMFVModelWithParams
1.18184E+12,0.218599821,35,26,0.602664003,8.476731308,10.8825753,0.237155922,-0.7291924,2.827151901,2,10,4.5,,1.5,10 180 10,1 2,HMFVModelWithParams
1.18184E+12,0.218599821,35,27,0.707414163,6.568175679,10.08925544,0.136570986,-0.561143301,2.902854337,2,10,4.5,,1.5,10 180 10,1 2,HMFVModelWithParams
1.18184E+12,0.257948714,41,0,0.622452853,6.290345119,5.096026218,1.087120525,-0.17166212,1.727408534,2,10,4.5,,1.5,10 180 10,1 2,HMFVModelWithParams
1.18184E+12,0.257948714,41,1,0.564882922,5.175065723,7.491389074,0.752925656,-1.090233234,2.53719674,2,10,4.5,,1.5,10 180 10,1 2,HMFVModelWithParams
1.18184E+12,0.257948714,41,2,0.577079555,4.810276437,8.473530008,0.256965714,0.185700029,0.945020606,2,10,4.5,,1.5,10 180 10,1 2,HMFVModelWithParams
1.18184E+12,0.257948714,41,3,0.635816419,6.059626111,7.502890668,0.963624259,-0.994147537,2.371784052,2,10,4.5,,1.5,10 180 10,1 2,HMFVModelWithParams
1.18184E+12,0.257948714,41,4,0.630620322,5.404219476,5.948167869,0.368851002,-0.405628108,2.403645092,2,10,4.5,,1.5,10 180 10,1 2,HMFVModelWithParams
1.18184E+12,0.257948714,41,5,0.584630459,3.74567156,7.31785174,0.718361951,-0.351318774,2.025649963,2,10,4.5,,1.5,10 180 10,1 2,HMFVModelWithParams
1.18184E+12,0.257948714,41,6,0.719897416,5.746689876,8.5368028,0.14725175,-0.093798317,2.137973296,2,10,4.5,,1.5,10 180 10,1 2,HMFVModelWithParams
1.18184E+12,0.257948714,41,7,0.650703475,8.163975653,8.159248967,0.403181687,-0.717980828,2.629925621,2,10,4.5,,1.5,10 180 10,1 2,HMFVModelWithParams
1.18184E+12,0.257948714,41,8,0.648692933,6.816493883,8.383108656,1.129217779,-0.692421711,2.120855798,2,10,4.5,,1.5,10 180 10,1 2,HMFVModelWithParams
1.18184E+12,0.257948714,41,9,0.493810822,5.405661404,5.124023791,0.608106425,-0.328233504,2.065746277,2,10,4.5,,1.5,10 180 10,1 2,HMFVModelWithParams
1.18184E+12,0.257948714,41,10,0.526086817,7.427508043,7.551282723,0.552848501,-0.691341625,2.467050013,2,10,4.5,,1.5,10 180 10,1 2,HMFVModelWithParams
1.18184E+12,0.257948714,41,11,0.456349544,6.157436386,6.47819972,1.264021682,-0.038338714,1.601117771,2,10,4.5,,1.5,10 180 10,1 2,HMFVModelWithParams
1.18184E+12,0.257948714,41,12,0.683412284,11.96458392,8.690861925,0.03727473,-0.485938409,3.065035873,2,10,4.5,,1.5,10 180 10,1 2,HMFVModelWithParams
1.18184E+12,0.257948714,41,13,0.611887113,9.346827708,7.189679668,0.248807421,-0.789866891,2.836432577,2,10,4.5,,1.5,10 180 10,1 2,HMFVModelWithParams
1.18184E+12,0.257948714,41,14,0.480829349,11.51228431,6.212628197,-0.586379819,-0.601673059,-2.369066304,2,10,4.5,,1.5,10 180 10,1 2,HMFVModelWithParams
1.18184E+12,0.257948714,41,15,0.729026741,10.13681928,8.69823807,-0.051740198,-0.822121711,-3.078740587,2,10,4.5,,1.5,10 180 10,1 2,HMFVModelWithParams
1.18184E+12,0.257948714,41,16,0.68562258,13.19372452,8.888356425,-0.438835789,-0.675699752,-2.565601483,2,10,4.5,,1.5,10 180 10,1 2,HMFVModelWithParams
1.18184E+12,0.257948714,41,17,0.548604126,13.1194088,7.691345397,-0.599874103,-0.66403982,-2.406918416,2,10,4.5,,1.5,10 180 10,1 2,HMFVModelWithParams
1.18184E+12,0.257948714,41,18,0.74472032,12.767641,5.174010393,-0.812443179,-0.106837297,-1.701547351,2,10,4.5,,1.5,10 180 10,1 2,HMFVModelWithParams
1.18184E+12,0.257948714,41,19,0.567330496,13.40640667,6.268571532,-0.726119199,-0.443202979,-2.118807564,2,10,4.5,,1.5,10 180 10,1 2,HMFVModelWithParams
1.18184E+12,0.257948714,41,20,0.658644169,11.09458399,8.097240012,-0.703299935,-1.126521025,-2.583488654,2,10,4.5,,1.5,10 180 10,1 2,HMFVModelWithParams
1.18184E+12,0.257948714,41,21,0.515727092,2.117442248,10.44732971,0.634880883,-0.556564496,2.290556665,2,10,4.5,,1.5,10 180 10,1 2,HMFVModelWithParams
1.18184E+12,0.257948714,41,22,0.570470372,4.857548905,12.83832386,0.475586941,-0.650735908,2.51046402,2,10,4.5,,1.5,10 180 10,1 2,HMFVModelWithParams
1.18184E+12,0.257948714,41,23,0.430453958,3.249424337,9.885109401,0.685009576,-0.497720628,2.199145469,2,10,4.5,,1.5,10 180 10,1 2,HMFVModelWithParams
1.18184E+12,0.257948714,41,24,0.524688654,4.293202832,12.11607897,0.432219741,-0.736052769,2.610628433,2,10,4.5,,1.5,10 180 10,1 2,HMFVModelWithParams
1.18184E+12,0.257948714,41,25,0.605036315,7.419272297,9.577735898,0.642765046,-0.99161129,2.566482,2,10,4.5,,1.5,10 180 10,1 2,HMFVModelWithParams
1.18184E+12,0.257948714,41,26,0.602664003,8.486434571,10.8521804,0.252364878,-0.798336603,2.83541928,2,10,4.5,,1.5,10 180 10,1 2,HMFVModelWithParams
1.18184E+12,0.257948714,41,27,0.707414163,6.574622857,10.06496977,0.18147578,-0.646826347,2.868061614,2,10,4.5,,1.5,10 180 10,1 2,HMFVModelWithParams
1.18184E+12,0.296419913,47,0,0.622452853,6.333427454,5.089047959,1.157860877,-0.190813669,1.734126724,2,10,4.5,,1.5,10 180 10,1 2,HMFVModelWithParams
1.18184E+12,0.296419913,47,1,0.564882922,5.204529412,7.450128876,0.77950578,-1.062245527,2.508522053,2,10,4.5,,1.5,10 180 10,1 2,HMFVModelWithParams
1.18184E+12,0.296419913,47,2,0.577079555,4.821748314,8.478179812,0.313976244,0.073097749,1.342057926,2,10,4.5,,1.5,10 180 10,1 2,HMFVModelWithParams
1.18184E+12,0.296419913,47,3,0.635816419,6.097982508,7.464413064,1.018478303,-1.004906237,2.349486985,2,10,4.5,,1.5,10 180 10,1 2,HMFVModelWithParams
1.18184E+12,0.296419913,47,4,0.630620322,5.420395789,5.933909983,0.462060628,-0.350755863,2.220103787,2,10,4.5,,1.5,10 180 10,1 2,HMFVModelWithParams
1.18184E+12,0.296419913,47,5,0.584630459,3.774817198,7.303779655,0.800735633,-0.378448812,2.012306251,2,10,4.5,,1.5,10 180 10,1 2,HMFVModelWithParams
1.18184E+12,0.296419913,47,6,0.719897416,5.75449556,8.530931688,0.273289349,-0.189343013,2.176693868,2,10,4.5,,1.5,10 180 10,1 2,HMFVModelWithParams
1.18184E+12,0.296419913,47,7,0.650703475,8.180214908,8.130480746,0.46355326,-0.777277468,2.603838673,2,10,4.5,,1.5,10 180 10,1 2,HMFVModelWithParams
1.18184E+12,0.296419913,47,8,0.648692933,6.859087651,8.354972868,1.094180522,-0.754025842,2.174185472,2,10,4.5,,1.5,10 180 10,1 2,HMFVModelWithParams
1.18184E+12,0.296419913,47,9,0.493810822,5.429552631,5.110608978,0.648746687,-0.380609143,2.101366927,2,10,4.5,,1.5,10 180 10,1 2,HMFVModelWithParams
1.18184E+12,0.296419913,47,10,0.526086817,7.449024664,7.523309767,0.577522785,-0.768896843,2.497384285,2,10,4.5,,1.5,10 180 10,1 2,HMFVModelWithParams
1.18184E+12,0.296419913,47,11,0.456349544,6.206468897,6.475086544,1.278183748,-0.120282097,1.66462393,2,10,4.5,,1.5,10 180 10,1 2,HMFVModelWithParams
1.18184E+12,0.296419913,47,12,0.683412284,11.96448629,8.670171317,-0.043012032,-0.581570787,-3.067768682,2,10,4.5,,1.5,10 180 10,1 2,HMFVModelWithParams
1.18184E+12,0.296419913,47,13,0.611887113,9.356147221,7.157174919,0.244281336,-0.871573896,2.868327937,2,10,4.5,,1.5,10 180 10,1 2,HMFVModelWithParams
1.18184E+12,0.296419913,47,14,0.480829349,11.48851465,6.187732053,-0.644420546,-0.690816709,-2.39092802,2,10,4.5,,1.5,10 180 10,1 2,HMFVModelWithParams
1.18184E+12,0.296419913,47,15,0.729026741,10.13423106,8.664833761,-0.0971442,-0.900140357,-3.034087566,2,10,4.5,,1.5,10 180 10,1 2,HMFVModelWithParams
1.18184E+12,0.296419913,47,16,0.68562258,13.17616555,8.86023396,-0.474392088,-0.753517556,-2.579713756,2,10,4.5,,1.5,10 180 10,1 2,HMFVModelWithParams
1.18184E+12,0.296419913,47,17,0.548604126,13.09511959,7.665545807,-0.651137613,-0.695518993,-2.389139283,2,10,4.5,,1.5,10 180 10,1 2,HMFVModelWithParams
1.18184E+12,0.296419913,47,18,0.74472032,12.73498801,5.170019953,-0.871109145,-0.11795664,-1.705387414,2,10,4.5,,1.5,10 180 10,1 2,HMFVModelWithParams
1.18184E+12,0.296419913,47,19,0.567330496,13.37752723,6.251376145,-0.784933739,-0.456771128,-2.097817985,2,10,4.5,,1.5,10 180 10,1 2,HMFVModelWithParams
1.18184E+12,0.296419913,47,20,0.658644169,11.06783032,8.052764315,-0.669800031,-1.181501021,-2.625862495,2,10,4.5,,1.5,10 180 10,1 2,HMFVModelWithParams
1.18184E+12,0.296419913,47,21,0.515727092,2.143519053,10.42617354,0.70789034,-0.554710144,2.235463331,2,10,4.5,,1.5,10 180 10,1 2,HMFVModelWithParams
1.18184E+12,0.296419913,47,22,0.570470372,4.876532997,12.81223628,0.523677481,-0.701349852,2.500225616,2,10,4.5,,1.5,10 180 10,1 2,HMFVModelWithParams
1.18184E+12,0.296419913,47,23,0.430453958,3.277148148,9.865067626,0.737801321,-0.537893852,2.200753885,2,10,4.5,,1.5,10 180 10,1 2,HMFVModelWithParams
1.18184E+12,0.296419913,47,24,0.524688654,4.310692465,12.08612597,0.481385693,-0.818074443,2.609718363,2,10,4.5,,1.5,10 180 10,1 2,HMFVModelWithParams
1.18184E+12,0.296419913,47,25,0.605036315,7.444153977,9.538588741,0.656990173,-1.041526419,2.578836642,2,10,4.5,,1.5,10 180 10,1 2,HMFVModelWithParams
1.18184E+12,0.296419913,47,26,0.602664003,8.495761096,10.82055275,0.228642918,-0.840049376,2.875851967,2,10,4.5,,1.5,10 180 10,1 2,HMFVModelWithParams
1.18184E+12,0.296419913,47,27,0.707414163,6.582816794,10.03903315,0.261126787,-0.693879265,2.781657471,2,10,4.5,,1.5,10 180 10,1 2,HMFVModelWithParams
1.18184E+12,0.337455384,52,0,0.622452853,6.382140413,5.080863643,1.204879708,-0.20548712,1.739716863,2,10,4.5,,1.5,10 180 10,1 2,HMFVModelWithParams
1.18184E+12,0.337455384,52,1,0.564882922,5.236149543,7.406540055,0.752335141,-1.073552594,2.530336548,1,6,5.5,,1.5,10 180 10,1 2,HMFVModelWithParams
1.18184E+12,0.337455384,52,2,0.577079555,4.83533701,8.477755318,0.335283937,-0.055590249,1.735102142,1,6,5.5,,1.5,10 180 10,1 2,HMFVModelWithParams
1.18184E+12,0.337455384,52,3,0.635816419,6.139624631,7.422782587,0.98296395,-1.021477484,2.375406224,1,6,5.5,,1.5,10 180 10,1 2,HMFVModelWithParams
1.18184E+12,0.337455384,52,4,0.630620322,5.441483788,5.919865353,0.543779698,-0.348121686,2.140243463,2,10,4.5,,1.5,10 180 10,1 2,HMFVModelWithParams
1.18184E+12,0.337455384,52,5,0.584630459,3.809226942,7.288311699,0.861916604,-0.392635102,1.998245463,1,6,5.5,,1.5,10 180 10,1 2,HMFVModelWithParams
1.18184E+12,0.337455384,52,6,0.719897416,5.767687625,8.520081521,0.334186141,-0.307797629,2.315112975,1,6,5.5,,1.5,10 180 10,1 2,HMFVModelWithParams
1.18184E+12,0.337455384,52,7,0.650703475,8.20027128,8.096600102,0.500679351,-0.843026428,2.605665298,2,10,4.5,,1.5,10 180 10,1 2,HMFVModelWithParams
1.18184E+12,0.337455384,52,8,0.648692933,6.902314943,8.322703173,1.0161487,-0.807021228,2.241988208,1,6,5.5,,1.5,10 180 10,1 2,HMFVModelWithParams
1.18184E+12,0.337455384,52,9,0.493810822,5.457989474,5.093875315,0.69824196,-0.422122183,2.114554706,2,10,4.5,,1.5,10 180 10,1 2,HMFVModelWithParams
1.18184E+12,0.337455384,52,10,0.526086817,7.471758123,7.490527233,0.516927186,-0.820424264,2.579353645,1,6,5.5,,1.5,10 180 10,1 2,HMFVModelWithParams
1.18184E+12,0.337455384,52,11,0.456349544,6.258903192,6.467607567,1.257652206,-0.203396423,1.731135108,1,4.2,3,,1.5,10 180 10,1 2,HMFVModelWithParams
1.18184E+12,0.337455384,52,12,0.683412284,11.96096565,8.644180014,-0.102019115,-0.657193064,-2.987587246,2,10,4.5,,1.5,10 180 10,1 2,HMFVModelWithParams
1.18184E+12,0.337455384,52,13,0.611887113,9.366651767,7.120457927,0.258710749,-0.91398943,2.865751812,2,10,4.5,,1.5,10 180 10,1 2,HMFVModelWithParams
1.18184E+12,0.337455384,52,14,0.480829349,11.46088147,6.158103145,-0.691220512,-0.743642915,-2.392713016,2,10,4.5,,1.5,10 180 10,1 2,HMFVModelWithParams
1.18184E+12,0.337455384,52,15,0.729026741,10.13004705,8.626955492,-0.097021836,-0.932116304,-3.03787844,2,10,4.5,,1.5,10 180 10,1 2,HMFVModelWithParams
1.18184E+12,0.337455384,52,16,0.68562258,13.15491818,8.828514594,-0.523011334,-0.780032658,-2.550941396,2,10,4.5,,1.5,10 180 10,1 2,HMFVModelWithParams
1.18184E+12,0.337455384,52,17,0.548604126,13.06775256,7.637219412,-0.681073139,-0.69436563,-2.365858372,2,10,4.5,,1.5,10 180 10,1 2,HMFVModelWithParams
1.18184E+12,0.337455384,52,18,0.74472032,12.69793395,5.164968013,-0.922776543,-0.128068842,-1.708701807,2,10,4.5,,1.5,10 180 10,1 2,HMFVModelWithParams
1.18184E+12,0.337455384,52,19,0.567330496,13.34349049,6.232385074,-0.84913218,-0.470871434,-2.077112762,2,10,4.5,,1.5,10 180 10,1 2,HMFVModelWithParams
1.18184E+12,0.337455384,52,20,0.658644169,11.04132329,8.002893,-0.64713102,-1.240462853,-2.660747824,2,10,4.5,,1.5,10 180 10,1 2,HMFVModelWithParams
1.18184E+12,0.337455384,52,21,0.515727092,2.174024848,10.40265085,0.75860708,-0.587194897,2.229508554,1,6,5.5,,1.5,10 180 10,1 2,HMFVModelWithParams
1.18184E+12,0.337455384,52,22,0.570470372,4.899804455,12.78193463,0.585659221,-0.764196108,2.487694945,2,10,4.5,,1.5,10 180 10,1 2,HMFVModelWithParams
1.18184E+12,0.337455384,52,23,0.430453958,3.308607784,9.841629134,0.772233519,-0.59296815,2.225630942,1,6,5.5,,1.5,10 180 10,1 2,HMFVModelWithParams
1.18184E+12,0.337455384,52,24,0.524688654,4.331945916,12.05173779,0.534183332,-0.854520834,2.582902618,2,10,4.5,,1.5,10 180 10,1 2,HMFVModelWithParams
1.18184E+12,0.337455384,52,25,0.605036315,7.471099932,9.494925055,0.657248001,-1.069601705,2.590594653,2,10,4.5,,1.5,10 180 10,1 2,HMFVModelWithParams
1.18184E+12,0.337455384,52,26,0.602664003,8.506109664,10.78477591,0.253937746,-0.888827844,2.863306586,2,10,4.5,,1.5,10 180 10,1 2,HMFVModelWithParams
1.18184E+12,0.337455384,52,27,0.707414163,6.594567668,10.00929147,0.29688417,-0.735507569,2.757947736,2,10,4.5,,1.5,10 180 10,1 2,HMFVModelWithParams
1.18184E+12,0.375080551,57,0,0.622452853,6.428957234,5.072993267,1.261308022,-0.214696304,1.739397564,2,10,4.5,,1.5,10 180 10,1 2,HMFVModelWithParams
1.18184E+12,0.375080551,57,1,0.564882922,5.263415139,7.36535722,0.709434949,-1.104922474,2.570814022,1,6,5.5,,1.5,10 180 10,1 2,HMFVModelWithParams
1.18184E+12,0.375080551,57,2,0.577079555,4.847545571,8.472584126,0.320601504,-0.170231857,2.058916933,1,6,5.5,,1.5,10 180 10,1 2,HMFVModelWithParams
1.18184E+12,0.375080551,57,3,0.635816419,6.174480575,7.383385419,0.894821022,-1.060110829,2.440544038,1,6,5.5,,1.5,10 180 10,1 2,HMFVModelWithParams
1.18184E+12,0.375080551,57,4,0.630620322,5.46354569,5.908003396,0.605418871,-0.300036383,2.030905533,2,10,4.5,,1.5,10 180 10,1 2,HMFVModelWithParams
1.18184E+12,0.375080551,57,5,0.584630459,3.843485834,7.272348104,0.920226442,-0.45287761,2.028133886,1,6,5.5,,1.5,10 180 10,1 2,HMFVModelWithParams
1.18184E+12,0.375080551,57,6,0.719897416,5.780451426,8.505677983,0.346563886,-0.406644986,2.435792805,1,6,5.5,,1.5,10 180 10,1 2,HMFVModelWithParams
1.18184E+12,0.375080551,57,7,0.650703475,8.219518988,8.064458093,0.52250767,-0.858986902,2.595104502,2,10,4.5,,1.5,10 180 10,1 2,HMFVModelWithParams
1.18184E+12,0.375080551,57,8,0.648692933,6.936832463,8.290572316,0.871566275,-0.869113039,2.354785136,1,6,5.5,,1.5,10 180 10,1 2,HMFVModelWithParams
1.18184E+12,0.375080551,57,9,0.493810822,5.485506934,5.077830653,0.748687128,-0.425439757,2.087541286,2,10,4.5,,1.5,10 180 10,1 2,HMFVModelWithParams
1.18184E+12,0.375080551,57,10,0.526086817,7.488076715,7.458636746,0.398704875,-0.870954399,2.712288342,1,6,5.5,,1.5,10 180 10,1 2,HMFVModelWithParams
1.18184E+12,0.375080551,57,11,0.456349544,6.301493307,6.457360533,1.064626617,-0.305765551,1.850473184,1,4.2,3,,1.5,10 180 10,1 2,HMFVModelWithParams
1.18184E+12,0.375080551,57,12,0.683412284,11.95637949,8.618368255,-0.14135935,-0.706729115,-2.94417869,2,10,4.5,,1.5,10 180 10,1 2,HMFVModelWithParams
1.18184E+12,0.375080551,57,13,0.611887113,9.37665432,7.084962111,0.276521877,-0.964033226,2.862253904,2,10,4.5,,1.5,10 180 10,1 2,HMFVModelWithParams
1.18184E+12,0.375080551,57,14,0.480829349,11.43409263,6.129035807,-0.722962513,-0.786211002,-2.398079335,2,10,4.5,,1.5,10 180 10,1 2,HMFVModelWithParams
1.18184E+12,0.375080551,57,15,0.729026741,10.12631062,8.589650037,-0.097551397,-1.007167972,-3.045036715,2,10,4.5,,1.5,10 180 10,1 2,HMFVModelWithParams
1.18184E+12,0.375080551,57,16,0.68562258,13.13478012,8.797682854,-0.539015874,-0.834664141,-2.568184297,2,10,4.5,,1.5,10 180 10,1 2,HMFVModelWithParams
1.18184E+12,0.375080551,57,17,0.548604126,13.04126003,7.610036042,-0.726310413,-0.741874773,-2.366795181,2,10,4.5,,1.5,10 180 10,1 2,HMFVModelWithParams
1.18184E+12,0.375080551,57,18,0.74472032,12.66252471,5.160056348,-0.943759978,-0.134207139,-1.712053965,2,10,4.5,,1.5,10 180 10,1 2,HMFVModelWithParams
1.18184E+12,0.375080551,57,19,0.567330496,13.31121747,6.213510285,-0.860429852,-0.49938048,-2.096668074,2,10,4.5,,1.5,10 180 10,1 2,HMFVModelWithParams
1.18184E+12,0.375080551,57,20,0.658644169,11.01743276,7.955304663,-0.613037345,-1.277306841,-2.694117181,2,10,4.5,,1.5,10 180 10,1 2,HMFVModelWithParams
1.18184E+12,0.375080551,57,21,0.515727092,2.202436386,10.37891388,0.744018596,-0.665732717,2.300719773,1,6,5.5,,1.5,10 180 10,1 2,HMFVModelWithParams
1.18184E+12,0.375080551,57,22,0.570470372,4.922545496,12.75214301,0.608363447,-0.809645395,2.497199385,2,10,4.5,,1.5,10 180 10,1 2,HMFVModelWithParams
1.18184E+12,0.375080551,57,23,0.430453958,3.33706209,9.818164624,0.750025487,-0.627352861,2.267366457,1,6,5.5,,1.5,10 180 10,1 2,HMFVModelWithParams
1.18184E+12,0.375080551,57,24,0.524688654,4.353088339,12.01807112,0.572601133,-0.909723994,2.579819132,2,10,4.5,,1.5,10 180 10,1 2,HMFVModelWithParams
1.18184E+12,0.375080551,57,25,0.605036315,7.496244884,9.453503231,0.674481777,-1.116924059,2.598329244,2,10,4.5,,1.5,10 180 10,1 2,HMFVModelWithParams
1.18184E+12,0.375080551,57,26,0.602664003,8.515843477,10.74966218,0.255860323,-0.943920553,2.876891904,2,10,4.5,,1.5,10 180 10,1 2,HMFVModelWithParams
1.18184E+12,0.375080551,57,27,0.707414163,6.606087619,9.980133728,0.317998035,-0.788130052,2.758086256,2,10,4.5,,1.5,10 180 10,1 2,HMFVModelWithParams
1.18184E+12,0.415885533,63,0,0.622452853,6.481025044,5.063780709,1.286463643,-0.229128885,1.747055601,2,10,4.5,,1.5,10 180 10,1 2,HMFVModelWithParams
1.18184E+12,0.415885533,63,1,0.564882922,5.291758593,7.319630143,0.683443043,-1.129216914,2.597331841,1,6,5.5,,1.5,10 180 10,1 2,HMFVModelWithParams
1.18184E+12,0.415885533,63,2,0.577079555,4.860421252,8.462071584,0.318281955,-0.305840933,2.33626352,1,6,5.5,,1.5,10 180 10,1 2,HMFVModelWithParams
1.18184E+12,0.415885533,63,3,0.635816419,6.208817187,7.338848482,0.81060349,-1.100139735,2.506581111,1,6,5.5,,1.5,10 180 10,1 2,HMFVModelWithParams
1.18184E+12,0.415885533,63,4,0.630620322,5.489901545,5.89692627,0.675984719,-0.259628211,1.937498529,2,10,4.5,,1.5,10 180 10,1 2,HMFVModelWithParams
1.18184E+12,0.415885533,63,5,0.584630459,3.882322697,7.25241074,0.96432603,-0.513606496,2.060187757,1,6,5.5,,1.5,10 180 10,1 2,HMFVModelWithParams
1.18184E+12,0.415885533,63,6,0.719897416,5.794997972,8.485818884,0.360020066,-0.523211264,2.538900076,1,6,5.5,,1.5,10 180 10,1 2,HMFVModelWithParams
1.18184E+12,0.415885533,63,7,0.650703475,8.24141256,8.028535979,0.543514533,-0.896962191,2.596809396,2,10,4.5,,1.5,10 180 10,1 2,HMFVModelWithParams
1.18184E+12,0.415885533,63,8,0.648692933,6.968361001,8.253611183,0.731352466,-0.927862914,2.474081105,1,6,5.5,,1.5,10 180 10,1 2,HMFVModelWithParams
1.18184E+12,0.415885533,63,9,0.493810822,5.518236065,5.060397457,0.834659265,-0.431192282,2.047642482,2,10,4.5,,1.5,10 180 10,1 2,HMFVModelWithParams
1.18184E+12,0.415885533,63,10,0.526086817,7.499827018,7.421616139,0.23785271,-0.939145144,2.893543302,1,6,5.5,,1.5,10 180 10,1 2,HMFVModelWithParams
1.18184E+12,0.415885533,63,11,0.456349544,6.338685068,6.441832347,0.830653927,-0.417366726,2.036406494,1,4.2,3,,1.5,10 180 10,1 2,HMFVModelWithParams
1.18184E+12,0.415885533,63,12,0.683412284,11.94857455,8.588279137,-0.207650669,-0.759145988,-2.874591805,2,10,4.5,,1.5,10 180 10,1 2,HMFVModelWithParams
1.18184E+12,0.415885533,63,13,0.611887113,9.38875579,7.044513714,0.310200857,-1.01946561,2.846215814,2,10,4.5,,1.5,10 180 10,1 2,HMFVModelWithParams
1.18184E+12,0.415885533,63,14,0.480829349,11.40330516,6.096037408,-0.767850218,-0.819257759,-2.388573871,2,10,4.5,,1.5,10 180 10,1 2,HMFVModelWithParams
1.18184E+12,0.415885533,63,15,0.729026741,10.12184654,8.546880299,-0.115230644,-1.065115685,-3.033825756,2,10,4.5,,1.5,10 180 10,1 2,HMFVModelWithParams
1.18184E+12,0.415885533,63,16,0.68562258,13.11168182,8.762904661,-0.580043591,-0.85652542,-2.546329487,2,10,4.5,,1.5,10 180 10,1 2,HMFVModelWithParams
1.18184E+12,0.415885533,63,17,0.548604126,13.01123992,7.578802666,-0.736002186,-0.778823449,-2.384455078,2,10,4.5,,1.5,10 180 10,1 2,HMFVModelWithParams
1.18184E+12,0.415885533,63,18,0.74472032,12.62222761,5.154806023,-1.014569715,-0.126362144,-1.69470578,2,10,4.5,,1.5,10 180 10,1 2,HMFVModelWithParams
1.18184E+12,0.415885533,63,19,0.567330496,13.27555899,6.193094167,-0.891637356,-0.501901538,-2.083488631,2,10,4.5,,1.5,10 180 10,1 2,HMFVModelWithParams
1.18184E+12,0.415885533,63,20,0.658644169,10.99324328,7.902241271,-0.584344885,-1.312625506,-2.722760456,2,10,4.5,,1.5,10 180 10,1 2,HMFVModelWithParams
1.18184E+12,0.415885533,63,21,0.515727092,2.233540399,10.3501453,0.77251728,-0.726737601,2.325669021,1,6,5.5,,1.5,10 180 10,1 2,HMFVModelWithParams
1.18184E+12,0.415885533,63,22,0.570470372,4.94758801,12.71771539,0.612596217,-0.856854483,2.520912628,2,10,4.5,,1.5,10 180 10,1 2,HMFVModelWithParams
1.18184E+12,0.415885533,63,23,0.430453958,3.368302859,9.790803839,0.771443615,-0.697442523,2.305857994,1,6,5.5,,1.5,10 180 10,1 2,HMFVModelWithParams
1.18184E+12,0.415885533,63,24,0.524688654,4.377670019,11.97944467,0.615056687,-0.956388307,2.570080862,2,10,4.5,,1.5,10 180 10,1 2,HMFVModelWithParams
1.18184E+12,0.415885533,63,25,0.605036315,7.523733426,9.407418801,0.674652352,-1.134521395,2.60511027,2,10,4.5,,1.5,10 180 10,1 2,HMFVModelWithParams
1.18184E+12,0.415885533,63,26,0.602664003,8.526673987,10.70961153,0.267852965,-1.005344849,2.881212217,2,10,4.5,,1.5,10 180 10,1 2,HMFVModelWithParams
1.18184E+12,0.415885533,63,27,0.707414163,6.619439554,9.945815176,0.34102282,-0.863568957,2.765491108,2,10,4.5,,1.5,10 180 10,1 2,HMFVModelWithParams
1.18184E+12,0.455385533,67,0,0.622452853,6.532235522,5.054789432,1.303803083,-0.227671685,1.743674445,2,10,4.5,,1.5,10 180 10,1 2,HMFVModelWithParams
1.18184E+12,0.455385533,67,1,0.564882922,5.318117467,7.273953177,0.656066105,-1.161522841,2.627432924,1,6,5.5,,1.5,10 180 10,1 2,HMFVModelWithParams
1.18184E+12,0.455385533,67,2,0.577079555,4.873059372,8.447960362,0.325758571,-0.395142523,2.452145091,1,6,5.5,,1.5,10 180 10,1 2,HMFVModelWithParams
1.18184E+12,0.455385533,67,3,0.635816419,6.23929314,7.295145146,0.74525965,-1.100195247,2.546203902,1,6,5.5,,1.5,10 180 10,1 2,HMFVModelWithParams
1.18184E+12,0.455385533,67,4,0.630620322,5.517952169,5.886727883,0.72840075,-0.251524794,1.903287774,2,10,4.5,,1.5,10 180 10,1 2,HMFVModelWithParams
1.18184E+12,0.455385533,67,5,0.584630459,3.920206154,7.232061503,0.96665749,-0.521528172,2.065555578,1,6,5.5,,1.5,10 180 10,1 2,HMFVModelWithParams
1.18184E+12,0.455385533,67,6,0.719897416,5.809430153,8.463379368,0.364559835,-0.598370372,2.594396155,1,6,5.5,,1.5,10 180 10,1 2,HMFVModelWithParams
1.18184E+12,0.455385533,67,7,0.650703475,8.263243637,7.992407483,0.551821447,-0.91986772,2.601252441,2,10,4.5,,1.5,10 180 10,1 2,HMFVModelWithParams
1.18184E+12,0.455385533,67,8,0.648692933,6.993856518,8.215767168,0.599935243,-0.981368998,2.592887654,1,6,5.5,,1.5,10 180 10,1 2,HMFVModelWithParams
1.18184E+12,0.455385533,67,9,0.493810822,5.552521147,5.043526445,0.884253886,-0.426498229,2.020204651,2,10,4.5,,1.5,10 180 10,1 2,HMFVModelWithParams
1.18184E+12,0.455385533,67,10,0.526086817,7.506720959,7.383476377,0.138670758,-0.981658213,3.001259431,1,6,5.5,,1.5,10 180 10,1 2,HMFVModelWithParams
1.18184E+12,0.455385533,67,11,0.456349544,6.368446976,6.42320619,0.711218943,-0.50471568,2.187968695,1,4.2,3,,1.5,10 180 10,1 2,HMFVModelWithParams
1.18184E+12,0.455385533,67,12,0.683412284,11.94001485,8.557310169,-0.225163256,-0.799807309,-2.867173271,2,10,4.5,,1.5,10 180 10,1 2,HMFVModelWithParams
1.18184E+12,0.455385533,67,13,0.611887113,9.401353581,7.003221496,0.325278143,-1.061811355,2.844327086,2,10,4.5,,1.5,10 180 10,1 2,HMFVModelWithParams
1.18184E+12,0.455385533,67,14,0.480829349,11.37270725,6.06296516,-0.780220134,-0.847679226,-2.397610145,2,10,4.5,,1.5,10 180 10,1 2,HMFVModelWithParams
1.18184E+12,0.455385533,67,15,0.729026741,10.11749706,8.504432699,-0.110057443,-1.083298093,-3.040345251,2,10,4.5,,1.5,10 180 10,1 2,HMFVModelWithParams
1.18184E+12,0.455385533,67,16,0.68562258,13.08842746,8.728540857,-0.602635627,-0.876131179,-2.539076362,2,10,4.5,,1.5,10 180 10,1 2,HMFVModelWithParams
1.18184E+12,0.455385533,67,17,0.548604126,12.981437,7.547033627,-0.766655344,-0.819933452,-2.389762164,2,10,4.5,,1.5,10 180 10,1 2,HMFVModelWithParams
1.18184E+12,0.455385533,67,18,0.74472032,12.58162372,5.149915374,-1.036176094,-0.122703083,-1.688666545,2,10,4.5,,1.5,10 180 10,1 2,HMFVModelWithParams
1.18184E+12,0.455385533,67,19,0.567330496,13.23997527,6.173488197,-0.905450137,-0.495117578,-2.071194235,2,10,4.5,,1.5,10 180 10,1 2,HMFVModelWithParams
1.18184E+12,0.455385533,67,20,0.658644169,10.96987865,7.850574633,-0.587279025,-1.316576145,-2.722015582,2,10,4.5,,1.5,10 180 10,1 2,HMFVModelWithParams
1.18184E+12,0.455385533,67,21,0.515727092,2.264410735,10.32031536,0.784421253,-0.769790051,2.34678086,1,6,5.5,,1.5,10 180 10,1 2,HMFVModelWithParams
1.18184E+12,0.455385533,67,22,0.570470372,4.971956319,12.68312237,0.618820157,-0.880296686,2.528877704,2,10,4.5,,1.5,10 180 10,1 2,HMFVModelWithParams
1.18184E+12,0.455385533,67,23,0.430453958,3.399648217,9.762892719,0.795331902,-0.719482708,2.306164671,1,6,5.5,,1.5,10 180 10,1 2,HMFVModelWithParams
1.18184E+12,0.455385533,67,24,0.524688654,4.402447283,11.94129921,0.633827235,-0.971707408,2.5636149,2,10,4.5,,1.5,10 180 10,1 2,HMFVModelWithParams
1.18184E+12,0.455385533,67,25,0.605036315,7.550310256,9.362135417,0.675722734,-1.148803666,2.609897125,2,10,4.5,,1.5,10 180 10,1 2,HMFVModelWithParams
1.18184E+12,0.455385533,67,26,0.602664003,8.537266194,10.66901504,0.272930523,-1.040731156,2.88511932,2,10,4.5,,1.5,10 180 10,1 2,HMFVModelWithParams
1.18184E+12,0.455385533,67,27,0.707414163,6.63330769,9.911274336,0.356842373,-0.882256601,2.757242629,2,10,4.5,,1.5,10 180 10,1 2,HMFVModelWithParams
1.18184E+12,0.493503964,73,0,0.622452853,6.582463068,5.045699151,1.329068883,-0.241673895,1.75066804,2,10,4.5,,1.5,10 180 10,1 2,HMFVModelWithParams
1.18184E+12,0.493503964,73,1,0.564882922,5.342099277,7.229666606,0.605076407,-1.16551918,2.662744618,1,6,5.5,,1.5,10 180 10,1 2,HMFVModelWithParams
1.18184E+12,0.493503964,73,2,0.577079555,4.88524171,8.429624872,0.317749287,-0.53723011,2.607477379,1,6,5.5,,1.5,10 180 10,1 2,HMFVModelWithParams
1.18184E+12,0.493503964,73,3,0.635816419,6.265553821,7.252196364,0.645266271,-1.131540425,2.623331888,1,6,5.5,,1.5,10 180 10,1 2,HMFVModelWithParams
1.18184E+12,0.493503964,73,4,0.630620322,5.547950178,5.877368401,0.822445745,-0.245416451,1.860783068,2,10,4.5,,1.5,10 180 10,1 2,HMFVModelWithParams
1.18184E+12,0.493503964,73,5,0.584630459,3.95673448,7.210766727,0.95883886,-0.585958545,2.119346841,1,6,5.5,,1.5,10 180 10,1 2,HMFVModelWithParams
1.18184E+12,0.493503964,73,6,0.719897416,5.822991451,8.438659456,0.338175089,-0.677062825,2.678366155,1,6,5.5,,1.5,10 180 10,1 2,HMFVModelWithParams
1.18184E+12,0.493503964,73,7,0.650703475,8.284611795,7.956236447,0.566546214,-0.971372624,2.61358566,2,10,4.5,,1.5,10 180 10,1 2,HMFVModelWithParams
1.18184E+12,0.493503964,73,8,0.648692933,7.013162019,8.177835959,0.455803999,-1.018310941,2.720729798,1,6,5.5,,1.5,10 180 10,1 2,HMFVModelWithParams
1.18184E+12,0.493503964,73,9,0.493810822,5.58801543,5.026949442,0.976065817,-0.427064854,1.983237776,2,10,4.5,,1.5,10 180 10,1 2,HMFVModelWithParams
1.18184E+12,0.493503964,73,10,0.526086817,7.509156376,7.34560588,0.012212639,-1.010283563,3.129504914,1,6,5.5,,1.5,10 180 10,1 2,HMFVModelWithParams
1.18184E+12,0.493503964,73,11,0.456349544,6.391621168,6.401496178,0.531512751,-0.616770738,2.430306706,1,4.2,3,,1.5,10 180 10,1 2,HMFVModelWithParams
1.18184E+12,0.493503964,73,12,0.683412284,11.9299684,8.525965348,-0.28633377,-0.827423197,-2.808436802,2,10,4.5,,1.5,10 180 10,1 2,HMFVModelWithParams
1.18184E+12,0.493503964,73,13,0.611887113,9.413412383,6.961996165,0.313748772,-1.096189203,2.86282762,2,10,4.5,,1.5,10 180 10,1 2,HMFVModelWithParams
1.18184E+12,0.493503964,73,14,0.480829349,11.34184548,6.030461756,-0.814634157,-0.858727962,-2.38253882,2,10,4.5,,1.5,10 180 10,1 2,HMFVModelWithParams
1.18184E+12,0.493503964,73,15,0.729026741,10.11361321,8.4626207,-0.093396289,-1.099481115,-3.056850303,2,10,4.5,,1.5,10 180 10,1 2,HMFVModelWithParams
1.18184E+12,0.493503964,73,16,0.68562258,13.06512823,8.693706281,-0.624718845,-0.928360827,-2.549268651,2,10,4.5,,1.5,10 180 10,1 2,HMFVModelWithParams
1.18184E+12,0.493503964,73,17,0.548604126,12.95129239,7.514289974,-0.800573706,-0.877715261,-2.402126567,2,10,4.5,,1.5,10 180 10,1 2,HMFVModelWithParams
1.18184E+12,0.493503964,73,18,0.74472032,12.54126703,5.145655024,-1.074866542,-0.111541546,-1.674198677,2,10,4.5,,1.5,10 180 10,1 2,HMFVModelWithParams
1.18184E+12,0.493503964,73,19,0.567330496,13.20494971,6.153698749,-0.934948953,-0.526169002,-2.083397187,2,10,4.5,,1.5,10 180 10,1 2,HMFVModelWithParams
1.18184E+12,0.493503964,73,20,0.658644169,10.94846694,7.799415565,-0.544097571,-1.355337279,-2.759838541,2,10,4.5,,1.5,10 180 10,1 2,HMFVModelWithParams
1.18184E+12,0.493503964,73,21,0.515727092,2.294534221,10.28959567,0.791001633,-0.834502826,2.382949761,1,6,5.5,,1.5,10 180 10,1 2,HMFVModelWithParams
1.18184E+12,0.493503964,73,22,0.570470372,4.996184475,12.64885124,0.652604341,-0.910949759,2.519944615,2,10,4.5,,1.5,10 180 10,1 2,HMFVModelWithParams
1.18184E+12,0.493503964,73,23,0.430453958,3.430476542,9.734070089,0.815818817,-0.797189103,2.344645331,1,6,5.5,,1.5,10 180 10,1 2,HMFVModelWithParams
1.18184E+12,0.493503964,73,24,0.524688654,4.42703473,11.90344083,0.652699228,-1.013927602,2.569635283,2,10,4.5,,1.5,10 180 10,1 2,HMFVModelWithParams
1.18184E+12,0.493503964,73,25,0.605036315,7.576364518,9.318286473,0.687441324,-1.156556899,2.60531126,2,10,4.5,,1.5,10 180 10,1 2,HMFVModelWithParams
1.18184E+12,0.493503964,73,26,0.602664003,8.547592178,10.62837421,0.2679394,-1.094293632,2.901465509,2,10,4.5,,1.5,10 180 10,1 2,HMFVModelWithParams
1.18184E+12,0.493503964,73,27,0.707414163,6.648350646,9.876319331,0.428631599,-0.936791832,2.712475709,2,10,4.5,,1.5,10 180 10,1 2,HMFVModelWithParams
1.18184E+12,0.531942144,78,0,0.622452853,6.633447228,5.036005711,1.334158552,-0.25750646,1.761462162,2,10,4.5,,1.5,10 180 10,1 2,HMFVModelWithParams
1.18184E+12,0.531942144,78,1,0.564882922,5.365035793,7.184118135,0.582225055,-1.184549033,2.684755079,1,6,5.5,,1.5,10 180 10,1 2,HMFVModelWithParams
1.18184E+12,0.531942144,78,2,0.577079555,4.896680393,8.407137293,0.287543172,-0.623225339,2.709316227,1,6,5.5,,1.5,10 180 10,1 2,HMFVModelWithParams
1.18184E+12,0.531942144,78,3,0.635816419,6.28921384,7.208499848,0.581835784,-1.13372038,2.667433575,1,6,5.5,,1.5,10 180 10,1 2,HMFVModelWithParams
1.18184E+12,0.531942144,78,4,0.630620322,5.580445905,5.868115055,0.857448833,-0.243415697,1.847402686,2,10,4.5,,1.5,10 180 10,1 2,HMFVModelWithParams
1.18184E+12,0.531942144,78,5,0.584630459,3.994429733,7.186919894,0.989671105,-0.646215047,2.149249154,1,6,5.5,,1.5,10 180 10,1 2,HMFVModelWithParams
1.18184E+12,0.531942144,78,6,0.719897416,5.836367894,8.41162059,0.353259614,-0.733348684,2.692685785,1,6,5.5,,1.5,10 180 10,1 2,HMFVModelWithParams
1.18184E+12,0.531942144,78,7,0.650703475,8.306784558,7.918882479,0.58874829,-0.987747593,2.604081628,2,10,4.5,,1.5,10 180 10,1 2,HMFVModelWithParams
1.18184E+12,0.531942144,78,8,0.648692933,7.02863172,8.137927403,0.35183094,-1.04927251,2.818064691,1,6,5.5,,1.5,10 180 10,1 2,HMFVModelWithParams
1.18184E+12,0.531942144,78,9,0.493810822,5.625763605,5.010514601,1.002549873,-0.418888771,1.966572639,2,10,4.5,,1.5,10 180 10,1 2,HMFVModelWithParams
1.18184E+12,0.531942144,78,10,0.526086817,7.507765673,7.306261104,-0.079863741,-1.036688189,-3.064707133,1,6,5.5,,1.5,10 180 10,1 2,HMFVModelWithParams
1.18184E+12,0.531942144,78,11,0.456349544,6.409056632,6.375777968,0.399308491,-0.707320022,2.627656966,1,4.2,3,,1.5,10 180 10,1 2,HMFVModelWithParams
1.18184E+12,0.531942144,78,12,0.683412284,11.91809379,8.493277905,-0.325356521,-0.88263136,-2.78842616,2,10,4.5,,1.5,10 180 10,1 2,HMFVModelWithParams
1.18184E+12,0.531942144,78,13,0.611887113,9.426222256,6.919065143,0.342985871,-1.129481797,2.846775431,2,10,4.5,,1.5,10 180 10,1 2,HMFVModelWithParams
1.18184E+12,0.531942144,78,14,0.480829349,11.30983376,5.996804978,-0.836519421,-0.900771404,-2.393161653,2,10,4.5,,1.5,10 180 10,1 2,HMFVModelWithParams
1.18184E+12,0.531942144,78,15,0.729026741,10.11012891,8.420245168,-0.094844506,-1.117573824,-3.056929088,2,10,4.5,,1.5,10 180 10,1 2,HMFVModelWithParams
1.18184E+12,0.531942144,78,16,0.68562258,13.04006497,8.657472943,-0.66091302,-0.93809095,-2.527833027,2,10,4.5,,1.5,10 180 10,1 2,HMFVModelWithParams
1.18184E+12,0.531942144,78,17,0.548604126,12.9201944,7.480530538,-0.824455478,-0.874516843,-2.385651642,2,10,4.5,,1.5,10 180 10,1 2,HMFVModelWithParams
1.18184E+12,0.531942144,78,18,0.74472032,12.49929303,5.140989723,-1.100941875,-0.126141864,-1.684875179,2,10,4.5,,1.5,10 180 10,1 2,HMFVModelWithParams
1.18184E+12,0.531942144,78,19,0.567330496,13.16839037,6.133240351,-0.958734878,-0.52856042,-2.074644975,2,10,4.5,,1.5,10 180 10,1 2,HMFVModelWithParams
1.18184E+12,0.531942144,78,20,0.658644169,10.92799126,7.746577351,-0.52976605,-1.385096718,-2.776283973,2,10,4.5,,1.5,10 180 10,1 2,HMFVModelWithParams
1.18184E+12,0.531942144,78,21,0.515727092,2.324929255,10.25715258,0.800655425,-0.848334906,2.385100785,1,6,5.5,,1.5,10 180 10,1 2,HMFVModelWithParams
1.18184E+12,0.531942144,78,22,0.570470372,5.021993046,12.613347,0.679451134,-0.934587661,2.512970635,2,10,4.5,,1.5,10 180 10,1 2,HMFVModelWithParams
1.18184E+12,0.531942144,78,23,0.430453958,3.461919769,9.701786714,0.817891737,-0.865828107,2.384657316,1,6,5.5,,1.5,10 180 10,1 2,HMFVModelWithParams
1.18184E+12,0.531942144,78,24,0.524688654,4.452127047,11.86455079,0.655226736,-1.011046908,2.566577091,2,10,4.5,,1.5,10 180 10,1 2,HMFVModelWithParams
1.18184E+12,0.531942144,78,25,0.605036315,7.602903668,9.273606681,0.712507746,-1.178372906,2.59775821,2,10,4.5,,1.5,10 180 10,1 2,HMFVModelWithParams
1.18184E+12,0.531942144,78,26,0.602664003,8.558019494,10.58551624,0.273528382,-1.12469354,2.903021714,2,10,4.5,,1.5,10 180 10,1 2,HMFVModelWithParams
1.18184E+12,0.531942144,78,27,0.707414163,6.665702581,9.839581318,0.465147686,-0.976997632,2.697247939,2,10,4.5,,1.5,10 180 10,1 2,HMFVModelWithParams
1.18184E+12,0.570467792,86,0,0.622452853,6.685365035,5.026208989,1.358924892,-0.239867562,1.745509408,2,10,4.5,,1.5,10 180 10,1 2,HMFVModelWithParams
1.18184E+12,0.570467792,86,1,0.564882922,5.386106352,7.137715339,0.518608484,-1.209212566,2.73643923,1,6,5.5,,1.5,10 180 10,1 2,HMFVModelWithParams
1.18184E+12,0.570467792,86,2,0.577079555,4.90618148,8.380687779,0.234330312,-0.725728354,2.829270505,1,6,5.5,,1.5,10 180 10,1 2,HMFVModelWithParams
1.18184E+12,0.570467792,86,3,0.635816419,6.309812585,7.164006599,0.487446585,-1.152749263,2.741539657,1,6,5.5,,1.5,10 180 10,1 2,HMFVModelWithParams
1.18184E+12,0.570467792,86,4,0.630620322,5.614310972,5.858863487,0.895368006,-0.24309555,1.835908975,2,10,4.5,,1.5,10 180 10,1 2,HMFVModelWithParams
1.18184E+12,0.570467792,86,5,0.584630459,4.032714945,7.160740376,0.995775932,-0.704990356,2.186858552,1,6,5.5,,1.5,10 180 10,1 2,HMFVModelWithParams
1.18184E+12,0.570467792,86,6,0.719897416,5.849738107,8.381234187,0.341714278,-0.825708922,2.749209473,1,6,5.5,,1.5,10 180 10,1 2,HMFVModelWithParams
1.18184E+12,0.570467792,86,7,0.650703475,8.32906491,7.87934691,0.567378662,-1.055285031,2.648277196,2,10,4.5,,1.5,10 180 10,1 2,HMFVModelWithParams
1.18184E+12,0.570467792,86,8,0.648692933,7.039237472,8.096841862,0.233245924,-1.082635157,2.929393318,1,6,5.5,,1.5,10 180 10,1 2,HMFVModelWithParams
1.18184E+12,0.570467792,86,9,0.493810822,5.665756323,4.994114387,1.057737328,-0.427383095,1.954792717,2,10,4.5,,1.5,10 180 10,1 2,HMFVModelWithParams
1.18184E+12,0.570467792,86,10,0.526086817,7.501372582,7.265986549,-0.223383114,-1.062604521,-2.934387606,1,6,5.5,,1.5,10 180 10,1 2,HMFVModelWithParams
1.18184E+12,0.570467792,86,11,0.456349544,6.420435075,6.345394143,0.226299578,-0.855020789,2.882853955,1,4.2,3,,1.5,10 180 10,1 2,HMFVModelWithParams
1.18184E+12,0.570467792,86,12,0.683412284,11.90482105,8.45763802,-0.359073852,-0.951286387,-2.780665828,2,10,4.5,,1.5,10 180 10,1 2,HMFVModelWithParams
1.18184E+12,0.570467792,86,13,0.611887113,9.43964282,6.874006616,0.36241182,-1.18750767,2.845384027,2,10,4.5,,1.5,10 180 10,1 2,HMFVModelWithParams
1.18184E+12,0.570467792,86,14,0.480829349,11.27778494,5.961917542,-0.837294165,-0.922353636,-2.404495811,2,10,4.5,,1.5,10 180 10,1 2,HMFVModelWithParams
1.18184E+12,0.570467792,86,15,0.729026741,10.10634477,8.376166717,-0.097722094,-1.155939426,-3.057254078,2,10,4.5,,1.5,10 180 10,1 2,HMFVModelWithParams
1.18184E+12,0.570467792,86,16,0.68562258,13.01347833,8.621142397,-0.701394434,-0.958941561,-2.510085507,2,10,4.5,,1.5,10 180 10,1 2,HMFVModelWithParams
1.18184E+12,0.570467792,86,17,0.548604126,12.88752185,7.446509568,-0.858920557,-0.89361882,-2.375990753,2,10,4.5,,1.5,10 180 10,1 2,HMFVModelWithParams
1.18184E+12,0.570467792,86,18,0.74472032,12.45561106,5.136480596,-1.147063075,-0.110103617,-1.666490563,2,10,4.5,,1.5,10 180 10,1 2,HMFVModelWithParams
1.18184E+12,0.570467792,86,19,0.567330496,13.12993027,6.112500602,-1.020831804,-0.551167016,-2.065867277,2,10,4.5,,1.5,10 180 10,1 2,HMFVModelWithParams
1.18184E+12,0.570467792,86,20,0.658644169,10.90802758,7.692091902,-0.50715138,-1.433481058,-2.801545368,2,10,4.5,,1.5,10 180 10,1 2,HMFVModelWithParams
1.18184E+12,0.570467792,86,21,0.515727092,2.355720213,10.22334944,0.790117459,-0.892641074,2.417045194,1,6,5.5,,1.5,10 180 10,1 2,HMFVModelWithParams
1.18184E+12,0.570467792,86,22,0.570470372,5.048063824,12.57709584,0.676886562,-0.954188414,2.524596032,2,10,4.5,,1.5,10 180 10,1 2,HMFVModelWithParams
1.18184E+12,0.570467792,86,23,0.430453958,3.493668456,9.666901566,0.816423862,-0.926310219,2.419165127,1,6,5.5,,1.5,10 180 10,1 2,HMFVModelWithParams
1.18184E+12,0.570467792,86,24,0.524688654,4.478146924,11.82350631,0.669124078,-1.085035114,2.588995556,2,10,4.5,,1.5,10 180 10,1 2,HMFVModelWithParams
1.18184E+12,0.570467792,86,25,0.605036315,7.630833409,9.227607876,0.729840658,-1.201118541,2.5955787,2,10,4.5,,1.5,10 180 10,1 2,HMFVModelWithParams
1.18184E+12,0.570467792,86,26,0.602664003,8.569462623,10.54159109,0.302780423,-1.144701392,2.883008535,2,10,4.5,,1.5,10 180 10,1 2,HMFVModelWithParams
1.18184E+12,0.570467792,86,27,0.707414163,6.681361181,9.800267178,0.346342797,-1.041306697,2.820498622,1,6,5.5,,1.5,10 180 10,1 2,HMFVModelWithParams
1.18184E+12,0.61075919,92,0,0.622452853,6.740525928,5.016090978,1.374321926,-0.249545949,1.750416844,2,10,4.5,,1.5,10 180 10,1 2,HMFVModelWithParams
1.18184E+12,0.61075919,92,1,0.564882922,5.406318968,7.088694241,0.484247982,-1.213877799,2.762012078,1,6,5.5,,1.5,10 180 10,1 2,HMFVModelWithParams
1.18184E+12,0.61075919,92,2,0.577079555,4.915292374,8.349641172,0.210780699,-0.799111967,2.883697809,1,6,5.5,,1.5,10 180 10,1 2,HMFVModelWithParams
1.18184E+12,0.61075919,92,3,0.635816419,6.327698211,7.117267983,0.408324137,-1.15842961,2.802709524,1,6,5.5,,1.5,10 180 10,1 2,HMFVModelWithParams
1.18184E+12,0.61075919,92,4,0.630620322,5.651822664,5.848863101,0.955716842,-0.253699559,1.830266904,2,10,4.5,,1.5,10 180 10,1 2,HMFVModelWithParams
1.18184E+12,0.61075919,92,5,0.584630459,4.073034626,7.131930201,0.997359734,-0.714685006,2.192561345,1,6,5.5,,1.5,10 180 10,1 2,HMFVModelWithParams
1.18184E+12,0.61075919,92,6,0.719897416,5.863360456,8.345999055,0.339703376,-0.901659001,2.781285369,1,6,5.5,,1.5,10 180 10,1 2,HMFVModelWithParams
1.18184E+12,0.61075919,92,7,0.650703475,8.352516387,7.836367712,0.583100902,-1.080589878,2.646758668,2,10,4.5,,1.5,10 180 10,1 2,HMFVModelWithParams
1.18184E+12,0.61075919,92,8,0.648692933,7.046348312,8.05312262,0.135878115,-1.101169478,3.018818898,1,6,5.5,,1.5,10 180 10,1 2,HMFVModelWithParams
1.18184E+12,0.61075919,92,9,0.493810822,5.708892705,4.977494367,1.086158671,-0.415600369,1.936242267,2,10,4.5,,1.5,10 180 10,1 2,HMFVModelWithParams
1.18184E+12,0.61075919,92,10,0.526086817,7.490509789,7.222510092,-0.301583183,-1.083978419,-2.870236412,1,6,5.5,,1.5,10 180 10,1 2,HMFVModelWithParams
1.18184E+12,0.61075919,92,11,0.456349544,6.426982459,6.308678014,0.11477691,-0.945050075,3.020733954,1,4.2,3,,1.5,10 180 10,1 2,HMFVModelWithParams
1.18184E+12,0.61075919,92,12,0.683412284,11.88955499,8.418161661,-0.392816378,-0.994381868,-2.765373123,2,10,4.5,,1.5,10 180 10,1 2,HMFVModelWithParams
1.18184E+12,0.61075919,92,13,0.611887113,9.454153413,6.825591034,0.357706355,-1.218465671,2.856044283,2,10,4.5,,1.5,10 180 10,1 2,HMFVModelWithParams
1.18184E+12,0.61075919,92,14,0.480829349,11.24401657,5.92480849,-0.847231365,-0.925914157,-2.400540093,2,10,4.5,,1.5,10 180 10,1 2,HMFVModelWithParams
1.18184E+12,0.61075919,92,15,0.729026741,10.10286074,8.329434483,-0.098212415,-1.152837896,-3.05660599,2,10,4.5,,1.5,10 180 10,1 2,HMFVModelWithParams
1.18184E+12,0.61075919,92,16,0.68562258,12.98506848,8.581519193,-0.722908352,-1.004529333,-2.51780092,2,10,4.5,,1.5,10 180 10,1 2,HMFVModelWithParams
1.18184E+12,0.61075919,92,17,0.548604126,12.8523395,7.410372009,-0.882049535,-0.909670568,-2.3716092,2,10,4.5,,1.5,10 180 10,1 2,HMFVModelWithParams
1.18184E+12,0.61075919,92,18,0.74472032,12.40870894,5.132798891,-1.176751229,-0.079545709,-1.638291374,2,10,4.5,,1.5,10 180 10,1 2,HMFVModelWithParams
1.18184E+12,0.61075919,92,19,0.567330496,13.0887739,6.090407457,-1.02128262,-0.552561064,-2.066739226,2,10,4.5,,1.5,10 180 10,1 2,HMFVModelWithParams
1.18184E+12,0.61075919,92,20,0.658644169,10.88808891,7.634123948,-0.489618255,-1.438228459,-2.813467421,2,10,4.5,,1.5,10 180 10,1 2,HMFVModelWithParams
1.18184E+12,0.61075919,92,21,0.515727092,2.387353217,10.18671086,0.788544663,-0.919400577,2.432661093,1,6,5.5,,1.5,10 180 10,1 2,HMFVModelWithParams
1.18184E+12,0.61075919,92,22,0.570470372,5.075327745,12.53798397,0.687136146,-0.996757721,2.538035733,2,10,4.5,,1.5,10 180 10,1 2,HMFVModelWithParams
1.18184E+12,0.61075919,92,23,0.430453958,3.525979461,9.628620658,0.794243311,-0.970362686,2.455671682,1,6,5.5,,1.5,10 180 10,1 2,HMFVModelWithParams
1.18184E+12,0.61075919,92,24,0.524688654,4.505073073,11.7794057,0.66367534,-1.094743023,2.596598662,2,10,4.5,,1.5,10 180 10,1 2,HMFVModelWithParams
1.18184E+12,0.61075919,92,25,0.605036315,7.660343893,9.178976997,0.724908843,-1.205362171,2.60014192,2,10,4.5,,1.5,10 180 10,1 2,HMFVModelWithParams
1.18184E+12,0.61075919,92,26,0.602664003,8.581952588,10.49405737,0.315911104,-1.202966807,2.884781424,2,10,4.5,,1.5,10 180 10,1 2,HMFVModelWithParams
1.18184E+12,0.61075919,92,27,0.707414163,6.693520176,9.757991774,0.271394754,-1.045360355,2.887582091,1,6,5.5,,1.5,10 180 10,1 2,HMFVModelWithParams
1.18184E+12,0.64836579,97,0,0.622452853,6.792704975,5.007272224,1.39717182,-0.239253726,1.740392814,2,10,4.5,,1.5,10 180 10,1 2,HMFVModelWithParams
1.18184E+12,0.64836579,97,1,0.564882922,5.423422243,7.042631145,0.441126145,-1.229364152,2.797077976,1,6,5.5,,1.5,10 180 10,1 2,HMFVModelWithParams
1.18184E+12,0.64836579,97,2,0.577079555,4.922818721,8.318819604,0.195621572,-0.833421898,2.911045165,1,6,5.5,,1.5,10 180 10,1 2,HMFVModelWithParams
1.18184E+12,0.64836579,97,3,0.635816419,6.341814343,7.073909157,0.36019134,-1.164529408,2.841623862,1,6,5.5,,1.5,10 180 10,1 2,HMFVModelWithParams
1.18184E+12,0.64836579,97,4,0.630620322,5.688496324,5.839333952,0.98783363,-0.255065833,1.823484446,2,10,4.5,,1.5,10 180 10,1 2,HMFVModelWithParams
1.18184E+12,0.64836579,97,5,0.584630459,4.110902739,7.103616818,1.019619709,-0.765770751,2.214959922,1,6,5.5,,1.5,10 180 10,1 2,HMFVModelWithParams
1.18184E+12,0.64836579,97,6,0.719897416,5.875498761,8.310626121,0.311953997,-0.95836812,2.826903707,1,6,5.5,,1.5,10 180 10,1 2,HMFVModelWithParams
1.18184E+12,0.64836579,97,7,0.650703475,8.374476495,7.794750033,0.589579064,-1.115129037,2.655242283,2,10,4.5,,1.5,10 180 10,1 2,HMFVModelWithParams
1.18184E+12,0.64836579,97,8,0.648692933,7.050558916,8.011310499,0.085686346,-1.120159029,3.065246529,1,6,5.5,,1.5,10 180 10,1 2,HMFVModelWithParams
1.18184E+12,0.64836579,97,9,0.493810822,5.750488205,4.961997074,1.109810236,-0.410119476,1.924771736,2,10,4.5,,1.5,10 180 10,1 2,HMFVModelWithParams
1.18184E+12,0.64836579,97,10,0.526086817,7.477905929,7.181219185,-0.351876686,-1.100787674,-2.832199066,1,6,5.5,,1.5,10 180 10,1 2,HMFVModelWithParams
1.18184E+12,0.64836579,97,11,0.456349544,6.430235329,6.272048195,0.068863617,-0.990328127,3.072168243,1,4.2,3,,1.5,10 180 10,1 2,HMFVModelWithParams
1.18184E+12,0.64836579,97,12,0.683412284,11.87398331,8.37960395,-0.426673076,-1.040684943,-2.752501798,2,10,4.5,,1.5,10 180 10,1 2,HMFVModelWithParams
1.18184E+12,0.64836579,97,13,0.611887113,9.467490527,6.778763419,0.350457834,-1.257761974,2.869849184,2,10,4.5,,1.5,10 180 10,1 2,HMFVModelWithParams
1.18184E+12,0.64836579,97,14,0.480829349,11.21190344,5.889485243,-0.862197998,-0.950594711,-2.404918621,2,10,4.5,,1.5,10 180 10,1 2,HMFVModelWithParams
1.18184E+12,0.64836579,97,15,0.729026741,10.09852168,8.285516555,-0.124292379,-1.176487739,-3.036336112,2,10,4.5,,1.5,10 180 10,1 2,HMFVModelWithParams
1.18184E+12,0.64836579,97,16,0.68562258,12.95739739,8.54326328,-0.742087618,-1.018908494,-2.512114183,2,10,4.5,,1.5,10 180 10,1 2,HMFVModelWithParams
1.18184E+12,0.64836579,97,17,0.548604126,12.81879488,7.375847229,-0.896792704,-0.923070115,-2.370632713,2,10,4.5,,1.5,10 180 10,1 2,HMFVModelWithParams
1.18184E+12,0.64836579,97,18,0.74472032,12.36410534,5.130304995,-1.192572058,-0.059265625,-1.620451112,2,10,4.5,,1.5,10 180 10,1 2,HMFVModelWithParams
1.18184E+12,0.64836579,97,19,0.567330496,13.04970214,6.069376023,-1.047845043,-0.558628462,-2.060588524,2,10,4.5,,1.5,10 180 10,1 2,HMFVModelWithParams
1.18184E+12,0.64836579,97,20,0.658644169,10.87004813,7.579887983,-0.47578082,-1.44740948,-2.824007077,2,10,4.5,,1.5,10 180 10,1 2,HMFVModelWithParams
1.18184E+12,0.64836579,97,21,0.515727092,2.417382323,10.15125075,0.80122213,-0.957495196,2.444818011,1,6,5.5,,1.5,10 180 10,1 2,HMFVModelWithParams
1.18184E+12,0.64836579,97,22,0.570470372,5.101634437,12.4992577,0.691314942,-1.046488439,2.557798706,2,10,4.5,,1.5,10 180 10,1 2,HMFVModelWithParams
1.18184E+12,0.64836579,97,23,0.430453958,3.555337351,9.592215672,0.779102536,-0.968179418,2.463987056,1,6,5.5,,1.5,10 180 10,1 2,HMFVModelWithParams
1.18184E+12,0.64836579,97,24,0.524688654,4.530308959,11.73683962,0.674069382,-1.143362595,2.608892435,2,10,4.5,,1.5,10 180 10,1 2,HMFVModelWithParams
1.18184E+12,0.64836579,97,25,0.605036315,7.687527355,9.132942116,0.724846667,-1.239910452,2.612576644,2,10,4.5,,1.5,10 180 10,1 2,HMFVModelWithParams
1.18184E+12,0.64836579,97,26,0.602664003,8.594136296,10.44853198,0.325518299,-1.217240736,2.880284175,2,10,4.5,,1.5,10 180 10,1 2,HMFVModelWithParams
1.18184E+12,0.64836579,97,27,0.707414163,6.703403023,9.717246043,0.269789525,-1.092974712,2.899590617,2,10,4.5,,1.5,10 180 10,1 2,HMFVModelWithParams
1.18184E+12,0.685603599,101,0,0.622452853,6.845013556,4.998732868,1.409279371,-0.212675126,1.720576669,2,10,4.5,,1.5,10 180 10,1 2,HMFVModelWithParams
1.18184E+12,0.685603599,101,1,0.564882922,5.439302595,6.99637927,0.422891801,-1.254431844,2.816439599,1,6,5.5,,1.5,10 180 10,1 2,HMFVModelWithParams
1.18184E+12,0.685603599,101,2,0.577079555,4.929856098,8.286809896,0.18954805,-0.870388292,2.927166452,1,6,5.5,,1.5,10 180 10,1 2,HMFVModelWithParams
1.18184E+12,0.685603599,101,3,0.635816419,6.354001316,7.030629157,0.309735608,-1.154377759,2.879453012,1,6,5.5,,1.5,10 180 10,1 2,HMFVModelWithParams
1.18184E+12,0.685603599,101,4,0.630620322,5.724818804,5.82992683,0.974150399,-0.247420023,1.819522466,2,10,4.5,,1.5,10 180 10,1 2,HMFVModelWithParams
1.18184E+12,0.685603599,101,5,0.584630459,4.149390832,7.074713159,1.036185042,-0.781033546,2.216698701,1,6,5.5,,1.5,10 180 10,1 2,HMFVModelWithParams
1.18184E+12,0.685603599,101,6,0.719897416,5.887501934,8.274220418,0.317562742,-0.987936603,2.830583648,1,6,5.5,,1.5,10 180 10,1 2,HMFVModelWithParams
1.18184E+12,0.685603599,101,7,0.650703475,8.396779439,7.752715933,0.593477228,-1.146212167,2.663828283,2,10,4.5,,1.5,10 180 10,1 2,HMFVModelWithParams
1.18184E+12,0.685603599,101,8,0.648692933,7.052411758,7.969302599,0.023442891,-1.132110496,3.120888366,1,6,5.5,,1.5,10 180 10,1 2,HMFVModelWithParams
1.18184E+12,0.685603599,101,9,0.493810822,5.792199853,4.946566551,1.121729049,-0.413559483,1.924015023,2,10,4.5,,1.5,10 180 10,1 2,HMFVModelWithParams
1.18184E+12,0.685603599,101,10,0.526086817,7.463679672,7.140151147,-0.400347864,-1.096136612,-2.791410112,1,6,5.5,,1.5,10 180 10,1 2,HMFVModelWithParams
1.18184E+12,0.685603599,101,11,0.456349544,6.431815841,6.233883494,0.01895679,-1.052397266,3.123581641,1,4.2,3,,1.5,10 180 10,1 2,HMFVModelWithParams
1.18184E+12,0.685603599,101,12,0.683412284,11.85732249,8.340140558,-0.453927562,-1.075390474,-2.742176756,2,10,4.5,,1.5,10 180 10,1 2,HMFVModelWithParams
1.18184E+12,0.685603599,101,13,0.611887113,9.480348415,6.731260819,0.358139739,-1.283797722,2.869540272,2,10,4.5,,1.5,10 180 10,1 2,HMFVModelWithParams
1.18184E+12,0.685603599,101,14,0.480829349,11.17921491,5.85346618,-0.877043645,-0.972364131,-2.40769001,2,10,4.5,,1.5,10 180 10,1 2,HMFVModelWithParams
1.18184E+12,0.685603599,101,15,0.729026741,10.09408649,8.241464711,-0.116674819,-1.186477464,-3.043570651,2,10,4.5,,1.5,10 180 10,1 2,HMFVModelWithParams
1.18184E+12,0.685603599,101,16,0.68562258,12.92944161,8.505619367,-0.75834448,-1.010894488,-2.497981638,2,10,4.5,,1.5,10 180 10,1 2,HMFVModelWithParams
1.18184E+12,0.685603599,101,17,0.548604126,12.78481508,7.341884575,-0.916695539,-0.915696739,-2.35564941,2,10,4.5,,1.5,10 180 10,1 2,HMFVModelWithParams
1.18184E+12,0.685603599,101,18,0.74472032,12.31959279,5.128857875,-1.195950363,-0.029426069,-1.595396121,2,10,4.5,,1.5,10 180 10,1 2,HMFVModelWithParams
1.18184E+12,0.685603599,101,19,0.567330496,13.00991716,6.048281966,-1.08529247,-0.573708759,-2.05707797,2,10,4.5,,1.5,10 180 10,1 2,HMFVModelWithParams
1.18184E+12,0.685603599,101,20,0.658644169,10.85216699,7.526011078,-0.474614446,-1.444441753,-2.824126323,2,10,4.5,,1.5,10 180 10,1 2,HMFVModelWithParams
1.18184E+12,0.685603599,101,21,0.515727092,2.44722252,10.11503236,0.792827664,-0.989126008,2.465911174,1,6,5.5,,1.5,10 180 10,1 2,HMFVModelWithParams
1.18184E+12,0.685603599,101,22,0.570470372,5.12758207,12.46008384,0.694412319,-1.052673555,2.558452757,1,6,5.5,,1.5,10 180 10,1 2,HMFVModelWithParams
1.18184E+12,0.685603599,101,23,0.430453958,3.584359145,9.555476274,0.775324997,-0.999654595,2.481912279,1,6,5.5,,1.5,10 180 10,1 2,HMFVModelWithParams
1.18184E+12,0.685603599,101,24,0.524688654,4.555475508,11.69356267,0.672624862,-1.181524957,2.624063681,1,6,5.5,,1.5,10 180 10,1 2,HMFVModelWithParams
1.18184E+12,0.685603599,101,25,0.605036315,7.714049383,9.086394982,0.685773566,-1.255788258,2.641756222,1,6,5.5,,1.5,10 180 10,1 2,HMFVModelWithParams
1.18184E+12,0.685603599,101,26,0.602664003,8.606264668,10.40268169,0.325419382,-1.2503255,2.886973832,2,10,4.5,,1.5,10 180 10,1 2,HMFVModelWithParams
1.18184E+12,0.685603599,101,27,0.707414163,6.714127229,9.676605836,0.292107586,-1.093961965,2.88066224,1,6,5.5,,1.5,10 180 10,1 2,HMFVModelWithParams
1.18184E+12,0.7225953,106,0,0.622452853,6.895028339,4.990263423,1.237429579,-0.255881502,1.774707042,1,4.2,3,,1.5,10 180 10,1 2,HMFVModelWithParams
1.18184E+12,0.7225953,106,1,0.564882922,5.454836372,6.949893006,0.41908181,-1.256319025,2.819620896,1,6,5.5,,1.5,10 180 10,1 2,HMFVModelWithParams
1.18184E+12,0.7225953,106,2,0.577079555,4.936921228,8.253721338,0.19128545,-0.912157096,2.934881392,1,6,5.5,,1.5,10 180 10,1 2,HMFVModelWithParams
1.18184E+12,0.7225953,106,3,0.635816419,6.364651309,6.988046784,0.267067265,-1.140877334,2.911643833,1,6,5.5,,1.5,10 180 10,1 2,HMFVModelWithParams
1.18184E+12,0.7225953,106,4,0.630620322,5.760938601,5.820965946,0.962546519,-0.24671546,1.821709971,2,10,4.5,,1.5,10 180 10,1 2,HMFVModelWithParams
1.18184E+12,0.7225953,106,5,0.584630459,4.187918624,7.045866923,1.04863859,-0.783330279,2.212372987,1,6,5.5,,1.5,10 180 10,1 2,HMFVModelWithParams
1.18184E+12,0.7225953,106,6,0.719897416,5.899146411,8.236420239,0.313258498,-1.060428139,2.854354406,1,6,5.5,,1.5,10 180 10,1 2,HMFVModelWithParams
1.18184E+12,0.7225953,106,7,0.650703475,8.418461089,7.710140418,0.586288999,-1.161146023,2.674014634,2,10,4.5,,1.5,10 180 10,1 2,HMFVModelWithParams
1.18184E+12,0.7225953,106,8,0.648692933,7.051778015,7.927461484,-0.041089654,-1.135016465,-3.105406643,1,6,5.5,,1.5,10 180 10,1 2,HMFVModelWithParams
1.18184E+12,0.7225953,106,9,0.493810822,5.83422841,4.931432004,1.143068379,-0.404965293,1.911278208,2,10,4.5,,1.5,10 180 10,1 2,HMFVModelWithParams
1.18184E+12,0.7225953,106,10,0.526086817,7.447954597,7.099430248,-0.453545963,-1.108164139,-2.753114635,1,6,5.5,,1.5,10 180 10,1 2,HMFVModelWithParams
1.18184E+12,0.7225953,106,11,0.456349544,6.43162662,6.194679836,-0.021190747,-1.0750173,-3.121883201,1,4.2,3,,1.5,10 180 10,1 2,HMFVModelWithParams
1.18184E+12,0.7225953,106,12,0.683412284,11.84012028,8.299518463,-0.478485926,-1.108749824,-2.734183449,2,10,4.5,,1.5,10 180 10,1 2,HMFVModelWithParams
1.18184E+12,0.7225953,106,13,0.611887113,9.493138388,6.683095278,0.345759677,-1.305157128,2.8826235,2,10,4.5,,1.5,10 180 10,1 2,HMFVModelWithParams
1.18184E+12,0.7225953,106,14,0.480829349,11.14613551,5.818037488,-0.89626175,-0.970481957,-2.395932744,2,10,4.5,,1.5,10 180 10,1 2,HMFVModelWithParams
1.18184E+12,0.7225953,106,15,0.729026741,10.0900274,8.197360055,-0.102055477,-1.191795947,-3.056169374,2,10,4.5,,1.5,10 180 10,1 2,HMFVModelWithParams
1.18184E+12,0.7225953,106,16,0.68562258,12.90128305,8.467915069,-0.767069205,-1.02441344,-2.498867229,2,10,4.5,,1.5,10 180 10,1 2,HMFVModelWithParams
1.18184E+12,0.7225953,106,17,0.548604126,12.75038146,7.307446846,-0.930085015,-0.938786332,-2.360850377,2,10,4.5,,1.5,10 180 10,1 2,HMFVModelWithParams
1.18184E+12,0.7225953,106,18,0.74472032,12.27540767,5.12874804,-1.212216442,0.022158481,-1.552519052,2,10,4.5,,1.5,10 180 10,1 2,HMFVModelWithParams
1.18184E+12,0.7225953,106,19,0.567330496,12.96899656,6.027073823,-1.125223164,-0.578830278,-2.04590834,2,10,4.5,,1.5,10 180 10,1 2,HMFVModelWithParams
1.18184E+12,0.7225953,106,20,0.658644169,10.83544864,7.47235804,-0.439355613,-1.447440937,-2.846891711,2,10,4.5,,1.5,10 180 10,1 2,HMFVModelWithParams
1.18184E+12,0.7225953,106,21,0.515727092,2.476595006,10.07800878,0.80040653,-1.009591309,2.471255855,1,6,5.5,,1.5,10 180 10,1 2,HMFVModelWithParams
1.18184E+12,0.7225953,106,22,0.570470372,5.152557793,12.42042515,0.653236532,-1.091074952,2.602122865,1,6,5.5,,1.5,10 180 10,1 2,HMFVModelWithParams
1.18184E+12,0.7225953,106,23,0.430453958,3.613013619,9.518895692,0.763974814,-0.987799376,2.483276143,1,6,5.5,,1.5,10 180 10,1 2,HMFVModelWithParams
1.18184E+12,0.7225953,106,24,0.524688654,4.579738162,11.64915434,0.645758583,-1.218114867,2.654133006,1,6,5.5,,1.5,10 180 10,1 2,HMFVModelWithParams
1.18184E+12,0.7225953,106,25,0.605036315,7.736135469,9.039850237,0.544801717,-1.260810738,2.733720038,1,6,5.5,,1.5,10 180 10,1 2,HMFVModelWithParams
1.18184E+12,0.7225953,106,26,0.602664003,8.61841821,10.35640052,0.333160313,-1.254586353,2.882029429,2,10,4.5,,1.5,10 180 10,1 2,HMFVModelWithParams
1.18184E+12,0.7225953,106,27,0.707414163,6.724054195,9.635428396,0.246808606,-1.136118343,2.927677916,1,6,5.5,,1.5,10 180 10,1 2,HMFVModelWithParams
1.18184E+12,0.757908116,111,0,0.622452853,6.934380285,4.980143206,1.00316837,-0.303033513,1.864157006,1,4.2,3,,1.5,10 180 10,1 2,HMFVModelWithParams
1.18184E+12,0.757908116,111,1,0.564882922,5.469405297,6.905443721,0.387209881,-1.253936745,2.842086358,1,6,5.5,,1.5,10 180 10,1 2,HMFVModelWithParams
1.18184E+12,0.757908116,111,2,0.577079555,4.943760961,8.220465441,0.206422966,-0.960380631,2.929875084,1,6,5.5,,1.5,10 180 10,1 2,HMFVModelWithParams
1.18184E+12,0.757908116,111,3,0.635816419,6.373459434,6.947561362,0.232907177,-1.15027776,2.941814508,1,6,5.5,,1.5,10 180 10,1 2,HMFVModelWithParams
1.18184E+12,0.757908116,111,4,0.630620322,5.794740448,5.812165759,0.946632937,-0.262895888,1.841686584,2,10,4.5,,1.5,10 180 10,1 2,HMFVModelWithParams
1.18184E+12,0.757908116,111,5,0.584630459,4.225170192,7.018307976,1.057989856,-0.780568078,2.206433299,1,6,5.5,,1.5,10 180 10,1 2,HMFVModelWithParams
1.18184E+12,0.757908116,111,6,0.719897416,5.909921768,8.19889279,0.295687839,-1.075217592,2.873223848,1,6,5.5,,1.5,10 180 10,1 2,HMFVModelWithParams
1.18184E+12,0.757908116,111,7,0.650703475,8.439486707,7.668685677,0.590284075,-1.180007114,2.677754882,2,10,4.5,,1.5,10 180 10,1 2,HMFVModelWithParams
1.18184E+12,0.757908116,111,8,0.648692933,7.04886502,7.887146579,-0.106129085,-1.135660335,-3.048411847,1,6,5.5,,1.5,10 180 10,1 2,HMFVModelWithParams
1.18184E+12,0.757908116,111,9,0.493810822,5.875065789,4.917331837,1.17408429,-0.391525632,1.892672746,2,10,4.5,,1.5,10 180 10,1 2,HMFVModelWithParams
1.18184E+12,0.757908116,111,10,0.526086817,7.431386892,7.059758787,-0.484647187,-1.132407343,-2.737201008,1,6,5.5,,1.5,10 180 10,1 2,HMFVModelWithParams
1.18184E+12,0.757908116,111,11,0.456349544,6.430905729,6.156239628,-0.009736342,-1.092370293,-3.132679848,1,4.2,3,,1.5,10 180 10,1 2,HMFVModelWithParams
1.18184E+12,0.757908116,111,12,0.683412284,11.82290999,8.259792123,-0.484920808,-1.144676074,-2.740881734,2,10,4.5,,1.5,10 180 10,1 2,HMFVModelWithParams
1.18184E+12,0.757908116,111,13,0.611887113,9.505583934,6.636709119,0.374899124,-1.318710321,2.8646082,2,10,4.5,,1.5,10 180 10,1 2,HMFVModelWithParams
1.18184E+12,0.757908116,111,14,0.480829349,11.11451348,5.783741655,-0.897718849,-0.964521623,-2.392051375,2,10,4.5,,1.5,10 180 10,1 2,HMFVModelWithParams
1.18184E+12,0.757908116,111,15,0.729026741,10.08601973,8.154958253,-0.109178976,-1.210760344,-3.051661984,2,10,4.5,,1.5,10 180 10,1 2,HMFVModelWithParams
1.18184E+12,0.757908116,111,16,0.68562258,12.87448169,8.431269159,-0.759595372,-1.052411891,-2.516407351,2,10,4.5,,1.5,10 180 10,1 2,HMFVModelWithParams
1.18184E+12,0.757908116,111,17,0.548604126,12.71738672,7.274446699,-0.930818707,-0.916033766,-2.348189181,2,10,4.5,,1.5,10 180 10,1 2,HMFVModelWithParams
1.18184E+12,0.757908116,111,18,0.74472032,12.23246065,5.130230184,-1.217092173,0.08185056,-1.503646524,2,10,4.5,,1.5,10 180 10,1 2,HMFVModelWithParams
1.18184E+12,0.757908116,111,19,0.567330496,12.92917109,6.006501573,-1.138136484,-0.591989275,-2.050425097,2,10,4.5,,1.5,10 180 10,1 2,HMFVModelWithParams
1.18184E+12,0.757908116,111,20,0.658644169,10.82000222,7.421363818,-0.441053662,-1.471082987,-2.850305021,2,10,4.5,,1.5,10 180 10,1 2,HMFVModelWithParams
1.18184E+12,0.757908116,111,21,0.515727092,2.50521778,10.04176102,0.815752768,-1.028058636,2.470834731,1,6,5.5,,1.5,10 180 10,1 2,HMFVModelWithParams
1.18184E+12,0.757908116,111,22,0.570470372,5.175229759,12.38172032,0.631187217,-1.114979355,2.626474445,1,6,5.5,,1.5,10 180 10,1 2,HMFVModelWithParams
1.18184E+12,0.757908116,111,23,0.430453958,3.639943686,9.483476976,0.753619662,-0.996319189,2.494005668,1,6,5.5,,1.5,10 180 10,1 2,HMFVModelWithParams
1.18184E+12,0.757908116,111,24,0.524688654,4.601992387,11.6058466,0.614017971,-1.230525465,2.678754627,1,6,5.5,,1.5,10 180 10,1 2,HMFVModelWithParams
1.18184E+12,0.757908116,111,25,0.605036315,7.753304664,8.995531186,0.428081564,-1.253260892,2.812443761,1,6,5.5,,1.5,10 180 10,1 2,HMFVModelWithParams
1.18184E+12,0.757908116,111,26,0.602664003,8.630034133,10.31114918,0.333322273,-1.306834545,2.891856579,2,10,4.5,,1.5,10 180 10,1 2,HMFVModelWithParams
1.18184E+12,0.757908116,111,27,0.707414163,6.7323103,9.594678178,0.191812826,-1.182119555,2.980732847,1,6,5.5,,1.5,10 180 10,1 2,HMFVModelWithParams
1.18184E+12,0.792448288,116,0,0.622452853,6.964325634,4.968229841,0.787340657,-0.364136496,2.003987541,1,4.2,3,,1.5,10 180 10,1 2,HMFVModelWithParams
1.18184E+12,0.792448288,116,1,0.564882922,5.482699289,6.86191864,0.386067768,-1.265656853,2.84552437,1,6,5.5,,1.5,10 180 10,1 2,HMFVModelWithParams
1.18184E+12,0.792448288,116,2,0.577079555,4.950941182,8.186390905,0.204002137,-0.999833193,2.940319189,1,6,5.5,,1.5,10 180 10,1 2,HMFVModelWithParams
1.18184E+12,0.792448288,116,3,0.635816419,6.379855658,6.908549368,0.16211391,-1.132374185,2.999396024,1,6,5.5,,1.5,10 180 10,1 2,HMFVModelWithParams
1.18184E+12,0.792448288,116,4,0.630620322,5.824474237,5.801179236,0.813220806,-0.358911993,1.986430573,2,10,4.5,,1.5,10 180 10,1 2,HMFVModelWithParams
1.18184E+12,0.792448288,116,5,0.584630459,4.261922562,6.991624042,1.065528504,-0.768715592,2.195767536,1,6,5.5,,1.5,10 180 10,1 2,HMFVModelWithParams
1.18184E+12,0.792448288,116,6,0.719897416,5.920218113,8.161199206,0.29535872,-1.100238052,2.879326221,1,6,5.5,,1.5,10 180 10,1 2,HMFVModelWithParams
1.18184E+12,0.792448288,116,7,0.650703475,8.459599434,7.627098927,0.58266684,-1.217898589,2.695357741,2,10,4.5,,1.5,10 180 10,1 2,HMFVModelWithParams
1.18184E+12,0.792448288,116,8,0.648692933,7.044458689,7.847265672,-0.142349923,-1.149360102,-3.018368692,1,6,5.5,,1.5,10 180 10,1 2,HMFVModelWithParams
1.18184E+12,0.792448288,116,9,0.493810822,5.915859993,4.904058573,1.194878249,-0.384393289,1.882041325,2,10,4.5,,1.5,10 180 10,1 2,HMFVModelWithParams
1.18184E+12,0.792448288,116,10,0.526086817,7.413067297,7.019994983,-0.539967057,-1.159145314,-2.70565106,1,6,5.5,,1.5,10 180 10,1 2,HMFVModelWithParams
1.18184E+12,0.792448288,116,11,0.456349544,6.431744246,6.118164409,0.049289694,-1.098700024,3.096760883,1,4.2,3,,1.5,10 180 10,1 2,HMFVModelWithParams
1.18184E+12,0.792448288,116,12,0.683412284,11.80577336,8.219396072,-0.502798364,-1.187113513,-2.740953356,2,10,4.5,,1.5,10 180 10,1 2,HMFVModelWithParams
1.18184E+12,0.792448288,116,13,0.611887113,9.51817324,6.590600229,0.351273735,-1.345656042,2.886248133,2,10,4.5,,1.5,10 180 10,1 2,HMFVModelWithParams
1.18184E+12,0.792448288,116,14,0.480829349,11.08385938,5.749768538,-0.88405499,-0.991787482,-2.413562996,2,10,4.5,,1.5,10 180 10,1 2,HMFVModelWithParams
1.18184E+12,0.792448288,116,15,0.729026741,10.08228185,8.11239732,-0.108193787,-1.238422496,-3.054449713,2,10,4.5,,1.5,10 180 10,1 2,HMFVModelWithParams
1.18184E+12,0.792448288,116,16,0.68562258,12.84847189,8.394894024,-0.745805828,-1.052848569,-2.525271625,2,10,4.5,,1.5,10 180 10,1 2,HMFVModelWithParams
1.18184E+12,0.792448288,116,17,0.548604126,12.685194,7.241942357,-0.927923899,-0.94644138,-2.366073503,2,10,4.5,,1.5,10 180 10,1 2,HMFVModelWithParams
1.18184E+12,0.792448288,116,18,0.74472032,12.18974742,5.133691381,-1.250514122,0.12053372,-1.474705838,2,10,4.5,,1.5,10 180 10,1 2,HMFVModelWithParams
1.18184E+12,0.792448288,116,19,0.567330496,12.88980559,5.986055856,-1.150223151,-0.600888087,-2.052210795,2,10,4.5,,1.5,10 180 10,1 2,HMFVModelWithParams
1.18184E+12,0.792448288,116,20,0.658644169,10.80538835,7.370760327,-0.426640617,-1.459895389,-2.857269744,2,10,4.5,,1.5,10 180 10,1 2,HMFVModelWithParams
1.18184E+12,0.792448288,116,21,0.515727092,2.533749139,10.00644195,0.828956658,-1.024740626,2.461422459,1,6,5.5,,1.5,10 180 10,1 2,HMFVModelWithParams
1.18184E+12,0.792448288,116,22,0.570470372,5.19630937,12.3429498,0.593331679,-1.129010666,2.657728384,1,6,5.5,,1.5,10 180 10,1 2,HMFVModelWithParams
1.18184E+12,0.792448288,116,23,0.430453958,3.666654458,9.448885941,0.785461172,-1.018727936,2.48477295,1,6,5.5,,1.5,10 180 10,1 2,HMFVModelWithParams
1.18184E+12,0.792448288,116,24,0.524688654,4.622220158,11.56248916,0.56988814,-1.270893567,2.720057334,1,6,5.5,,1.5,10 180 10,1 2,HMFVModelWithParams
1.18184E+12,0.792448288,116,25,0.605036315,7.76627294,8.95266269,0.341159611,-1.242091812,2.873537569,1,6,5.5,,1.5,10 180 10,1 2,HMFVModelWithParams
1.18184E+12,0.792448288,116,26,0.602664003,8.641612557,10.2658852,0.334412718,-1.325365012,2.894434055,2,10,4.5,,1.5,10 180 10,1 2,HMFVModelWithParams
1.18184E+12,0.792448288,116,27,0.707414163,6.737539354,9.552675627,0.134357389,-1.234642218,3.033196268,1,6,5.5,,1.5,10 180 10,1 2,HMFVModelWithParams
1.18184E+12,0.835726772,121,0,0.622452853,6.993641863,4.951301603,0.602784056,-0.408090613,2.165925306,1,4.2,3,,1.5,10 180 10,1 2,HMFVModelWithParams
1.18184E+12,0.835726772,121,1,0.564882922,5.498974188,6.807150097,0.362757291,-1.255444382,2.860306521,1,6,5.5,,1.5,10 180 10,1 2,HMFVModelWithParams
1.18184E+12,0.835726772,121,2,0.577079555,4.96036619,8.142759898,0.225154764,-1.007509685,2.921728748,1,6,5.5,,1.5,10 180 10,1 2,HMFVModelWithParams
1.18184E+12,0.835726772,121,3,0.635816419,6.384915454,6.860579964,0.097196573,-1.109244362,3.054191755,1,6,5.5,,1.5,10 180 10,1 2,HMFVModelWithParams
1.18184E+12,0.835726772,121,4,0.630620322,5.856241738,5.783725652,0.649712434,-0.439693848,2.165748263,2,10,4.5,,1.5,10 180 10,1 2,HMFVModelWithParams
1.18184E+12,0.835726772,121,5,0.584630459,4.308873578,6.958026012,1.099084836,-0.779845555,2.187896866,1,6,5.5,,1.5,10 180 10,1 2,HMFVModelWithParams
1.18184E+12,0.835726772,121,6,0.719897416,5.933039554,8.111701035,0.2971389,-1.154254333,2.889634011,1,6,5.5,,1.5,10 180 10,1 2,HMFVModelWithParams
1.18184E+12,0.835726772,121,7,0.650703475,8.485030595,7.574498285,0.593357495,-1.219317096,2.688697333,2,10,4.5,,1.5,10 180 10,1 2,HMFVModelWithParams
1.18184E+12,0.835726772,121,8,0.648692933,7.037246128,7.797277258,-0.186224761,-1.157231599,-2.982037913,1,6,5.5,,1.5,10 180 10,1 2,HMFVModelWithParams
1.18184E+12,0.835726772,121,9,0.493810822,5.968794546,4.887332032,1.247208306,-0.380746069,1.867088857,2,10,4.5,,1.5,10 180 10,1 2,HMFVModelWithParams
1.18184E+12,0.835726772,121,10,0.526086817,7.388869083,6.968984527,-0.572448053,-1.195505496,-2.695021195,1,6,5.5,,1.5,10 180 10,1 2,HMFVModelWithParams
1.18184E+12,0.835726772,121,11,0.456349544,6.436590399,6.071610225,0.177581603,-1.047811125,2.973709257,1,4.2,3,,1.5,10 180 10,1 2,HMFVModelWithParams
1.18184E+12,0.835726772,121,12,0.683412284,11.78374796,8.166877925,-0.5178078,-1.233927432,-2.744269002,2,10,4.5,,1.5,10 180 10,1 2,HMFVModelWithParams
1.18184E+12,0.835726772,121,13,0.611887113,9.532782501,6.532179819,0.325093991,-1.35172258,2.905571664,2,10,4.5,,1.5,10 180 10,1 2,HMFVModelWithParams
1.18184E+12,0.835726772,121,14,0.480829349,11.04556729,5.706812489,-0.870214359,-0.992028158,-2.421513859,2,10,4.5,,1.5,10 180 10,1 2,HMFVModelWithParams
1.18184E+12,0.835726772,121,15,0.729026741,10.07748228,8.05887398,-0.11725262,-1.239362524,-3.047266208,2,10,4.5,,1.5,10 180 10,1 2,HMFVModelWithParams
1.18184E+12,0.835726772,121,16,0.68562258,12.8152993,8.3486723,-0.77921814,-1.064788977,-2.509838253,2,10,4.5,,1.5,10 180 10,1 2,HMFVModelWithParams
1.18184E+12,0.835726772,121,17,0.548604126,12.64420232,7.201210148,-0.961798423,-0.942691819,-2.346162429,2,10,4.5,,1.5,10 180 10,1 2,HMFVModelWithParams
1.18184E+12,0.835726772,121,18,0.74472032,12.1364315,5.140349594,-1.223789181,0.184209805,-1.421393819,2,10,4.5,,1.5,10 180 10,1 2,HMFVModelWithParams
1.18184E+12,0.835726772,121,19,0.567330496,12.83900154,5.959554688,-1.193939558,-0.616311608,-2.047319789,2,10,4.5,,1.5,10 180 10,1 2,HMFVModelWithParams
1.18184E+12,0.835726772,121,20,0.658644169,10.78676277,7.307499427,-0.423400784,-1.463453517,-2.859966117,2,10,4.5,,1.5,10 180 10,1 2,HMFVModelWithParams
1.18184E+12,0.835726772,121,21,0.515727092,2.570577532,9.962042335,0.861962766,-1.029677081,2.444624073,1,6,5.5,,1.5,10 180 10,1 2,HMFVModelWithParams
1.18184E+12,0.835726772,121,22,0.570470372,5.221111842,12.29255557,0.555959236,-1.185682675,2.703138218,1,6,5.5,,1.5,10 180 10,1 2,HMFVModelWithParams
1.18184E+12,0.835726772,121,23,0.430453958,3.700509669,9.403404553,0.780487444,-1.061636423,2.507647935,1,6,5.5,,1.5,10 180 10,1 2,HMFVModelWithParams
1.18184E+12,0.835726772,121,24,0.524688654,4.646414497,11.50672809,0.552627971,-1.299907752,2.73961308,1,6,5.5,,1.5,10 180 10,1 2,HMFVModelWithParams
1.18184E+12,0.835726772,121,25,0.605036315,7.778143402,8.899404467,0.233099885,-1.227736467,2.953964386,1,6,5.5,,1.5,10 180 10,1 2,HMFVModelWithParams
1.18184E+12,0.835726772,121,26,0.602664003,8.656043096,10.20839429,0.326581445,-1.326237417,2.900149717,2,10,4.5,,1.5,10 180 10,1 2,HMFVModelWithParams
1.18184E+12,0.835726772,121,27,0.707414163,6.742406683,9.499085824,0.098221344,-1.23593253,3.062287884,1,6,5.5,,1.5,10 180 10,1 2,HMFVModelWithParams
1.18184E+12,0.876368057,126,0,0.622452853,7.013929643,4.934576643,0.455134733,-0.426488906,2.323713791,1,4.2,3,,1.5,10 180 10,1 2,HMFVModelWithParams
1.18184E+12,0.876368057,126,1,0.564882922,5.512515581,6.756491317,0.304054747,-1.261477598,2.905073397,1,4.2,3,,1.5,10 180 10,1 2,HMFVModelWithParams
1.18184E+12,0.876368057,126,2,0.577079555,4.969522301,8.100974109,0.218252199,-1.035727419,2.933907534,1,6,5.5,,1.5,10 180 10,1 2,HMFVModelWithParams
1.18184E+12,0.876368057,126,3,0.635816419,6.387484585,6.815855457,0.050331285,-1.085139649,3.09524356,1,4.2,3,,1.5,10 180 10,1 2,HMFVModelWithParams
1.18184E+12,0.876368057,126,4,0.630620322,5.876726829,5.761333729,0.414958432,-0.613157845,2.546637412,2,10,4.5,,1.5,10 180 10,1 2,HMFVModelWithParams
1.18184E+12,0.876368057,126,5,0.584630459,4.353667894,6.926049691,1.101748543,-0.794669647,2.195662134,1,6,5.5,,1.5,10 180 10,1 2,HMFVModelWithParams
1.18184E+12,0.876368057,126,6,0.719897416,5.945120322,8.065019197,0.299300804,-1.150296584,2.887042452,1,6,5.5,,1.5,10 180 10,1 2,HMFVModelWithParams
1.18184E+12,0.876368057,126,7,0.650703475,8.508891135,7.524353087,0.585383525,-1.246392764,2.702508512,2,10,4.5,,1.5,10 180 10,1 2,HMFVModelWithParams
1.18184E+12,0.876368057,126,8,0.648692933,7.028445213,7.750577033,-0.233426157,-1.150299863,-2.941384882,1,6,5.5,,1.5,10 180 10,1 2,HMFVModelWithParams
1.18184E+12,0.876368057,126,9,0.493810822,6.019735846,4.872138186,1.250647492,-0.367179537,1.85636349,2,10,4.5,,1.5,10 180 10,1 2,HMFVModelWithParams
1.18184E+12,0.876368057,126,10,0.526086817,7.364922823,6.92096675,-0.59458907,-1.182153727,-2.675571052,1,6,5.5,,1.5,10 180 10,1 2,HMFVModelWithParams
1.18184E+12,0.876368057,126,11,0.456349544,6.449237225,6.030931363,0.389218855,-0.973543572,2.761262126,1,4.2,3,,1.5,10 180 10,1 2,HMFVModelWithParams
1.18184E+12,0.876368057,126,12,0.683412284,11.76230181,8.116254111,-0.52612431,-1.255416331,-2.744743961,2,10,4.5,,1.5,10 180 10,1 2,HMFVModelWithParams
1.18184E+12,0.876368057,126,13,0.611887113,9.54605388,6.477146382,0.326478907,-1.35989742,2.905975692,2,10,4.5,,1.5,10 180 10,1 2,HMFVModelWithParams
1.18184E+12,0.876368057,126,14,0.480829349,11.00968356,5.666161,-0.889736054,-0.998207924,-2.41358642,2,10,4.5,,1.5,10 180 10,1 2,HMFVModelWithParams
1.18184E+12,0.876368057,126,15,0.729026741,10.07267732,8.008005937,-0.113214698,-1.254300005,-3.051575325,2,10,4.5,,1.5,10 180 10,1 2,HMFVModelWithParams
1.18184E+12,0.876368057,126,16,0.68562258,12.78335684,8.305329077,-0.799054039,-1.068570234,-2.499514706,2,10,4.5,,1.5,10 180 10,1 2,HMFVModelWithParams
1.18184E+12,0.876368057,126,17,0.548604126,12.60489943,7.16198303,-0.973657462,-0.986752008,-2.362873886,2,10,4.5,,1.5,10 180 10,1 2,HMFVModelWithParams
1.18184E+12,0.876368057,126,18,0.74472032,12.08688027,5.148697826,-1.216019082,0.210772514,-1.399171553,2,10,4.5,,1.5,10 180 10,1 2,HMFVModelWithParams
1.18184E+12,0.876368057,126,19,0.567330496,12.78956178,5.934354973,-1.235031618,-0.618229246,-2.034905963,2,10,4.5,,1.5,10 180 10,1 2,HMFVModelWithParams
1.18184E+12,0.876368057,126,20,0.658644169,10.76970965,7.247792727,-0.413111778,-1.470959432,-2.867800443,2,10,4.5,,1.5,10 180 10,1 2,HMFVModelWithParams
1.18184E+12,0.876368057,126,21,0.515727092,2.605589074,9.918703506,0.844018872,-1.081896973,2.479086352,1,6,5.5,,1.5,10 180 10,1 2,HMFVModelWithParams
1.18184E+12,0.876368057,126,22,0.570470372,5.243013768,12.24385599,0.527541223,-1.211440269,2.730890591,1,6,5.5,,1.5,10 180 10,1 2,HMFVModelWithParams
1.18184E+12,0.876368057,126,23,0.430453958,3.732202029,9.359440118,0.777393602,-1.094071775,2.523820641,1,6,5.5,,1.5,10 180 10,1 2,HMFVModelWithParams
1.18184E+12,0.876368057,126,24,0.524688654,4.668888108,11.45332129,0.549596424,-1.3254061,2.748510301,1,6,5.5,,1.5,10 180 10,1 2,HMFVModelWithParams
1.18184E+12,0.876368057,126,25,0.605036315,7.784882722,8.848982977,0.131176694,-1.238999355,3.036112503,1,6,5.5,,1.5,10 180 10,1 2,HMFVModelWithParams
1.18184E+12,0.876368057,126,26,0.602664003,8.669297306,10.15427784,0.321773747,-1.325622308,2.903464082,2,10,4.5,,1.5,10 180 10,1 2,HMFVModelWithParams
1.18184E+12,0.876368057,126,27,0.707414163,6.745151295,9.447530494,0.054313575,-1.276833928,3.099080586,1,6,5.5,,1.5,10 180 10,1 2,HMFVModelWithParams
